6617
894
29 17
34 40
95 24
85 19
71 18
99 5
57 3
17 3
91 30
83 39
94 18
17 11
74 34
18 22
87 5
63 10
97 25
75 26
63 34
21 31
16 3
54 23
19 34
34 29
74 36
68 31
46 19
7 15
72 25
77 11
12 6
49 32
19 21
58 14
12 3
5 40
72 34
26 14
76 20
46 16
93 4
52 31
70 8
35 19
91 26
47 5
21 9
11 19
19 30
13 35
63 16
70 23
99 10
9 13
57 23
14 3
77 25
8 10
17 30
91 3
58 26
87 22
60 11
12 5
23 6
4 18
45 21
72 32
61 11
24 13
5 3
36 19
7 39
35 30
89 35
27 36
96 12
34 8
3 7
95 10
36 8
74 4
55 7
60 40
43 19
58 8
50 5
20 38
67 4
93 18
83 34
94 7
39 32
3 9
7 8
5 37
66 25
67 22
79 6
61 39
67 39
23 27
1 35
11 10
32 5
66 8
93 14
89 27
86 18
42 26
42 14
16 40
82 24
71 38
96 33
77 8
56 24
46 5
8 5
97 7
9 14
50 39
33 3
64 30
81 15
75 18
41 15
39 9
51 17
30 35
52 15
8 28
45 30
28 32
46 10
26 24
24 20
10 25
17 23
1 31
79 9
70 32
53 5
71 40
74 15
33 24
48 14
39 34
61 36
18 25
78 18
10 15
100 32
37 22
48 27
86 19
31 11
93 33
43 7
50 17
37 17
42 16
60 13
42 25
79 21
54 7
98 39
50 37
59 4
88 24
23 4
61 37
24 36
86 12
38 27
17 37
1 23
76 10
99 37
93 13
97 33
9 20
85 16
47 34
96 21
57 21
4 19
95 15
91 32
26 19
5 21
80 37
61 10
86 15
55 19
76 14
23 28
87 11
40 36
15 9
63 28
10 26
30 36
17 6
25 14
35 15
54 9
9 3
93 16
29 8
43 9
14 13
28 7
86 4
85 6
53 34
33 31
28 21
24 34
2 31
49 38
19 12
31 9
7 26
93 8
20 4
33 30
92 26
84 20
74 33
33 29
59 15
47 28
78 40
82 26
41 5
89 6
7 40
8 34
62 35
5 11
13 4
57 31
79 25
39 26
48 4
50 20
31 23
20 32
76 32
71 35
63 24
62 34
99 16
19 13
53 22
71 37
12 12
47 18
85 36
37 19
92 6
77 26
27 35
88 9
89 16
82 37
94 30
71 24
75 28
54 4
86 30
2 36
35 14
5 23
21 17
64 35
58 32
40 32
2 25
14 28
79 20
49 21
5 4
53 27
4 38
83 6
16 4
60 10
28 12
92 17
18 6
13 3
78 22
27 24
62 11
61 40
42 40
36 12
39 11
28 4
61 9
66 26
1 38
34 32
87 15
23 35
55 15
52 30
63 22
74 32
59 36
4 40
36 38
4 26
71 6
59 29
94 3
87 23
20 35
46 29
14 26
98 18
76 7
91 12
39 40
43 36
85 37
95 20
51 12
4 23
39 10
69 21
78 23
30 31
29 29
19 5
36 18
74 39
91 35
51 28
37 26
14 29
75 13
60 16
99 24
73 12
90 27
30 39
82 12
96 15
28 19
20 5
86 22
89 26
79 10
34 5
8 18
5 8
35 21
35 31
90 9
88 27
76 16
93 22
11 13
56 13
53 18
84 33
12 37
75 17
89 25
4 33
61 34
99 31
76 17
92 21
90 23
73 26
7 9
86 8
17 16
92 35
33 37
69 27
4 14
37 20
83 8
84 27
55 20
51 25
19 28
36 6
59 11
73 36
64 19
92 16
56 11
17 8
94 17
3 11
35 28
69 3
10 24
50 33
21 8
10 21
51 13
13 23
62 17
100 22
30 37
37 28
17 33
16 23
59 28
21 5
90 15
27 39
16 29
38 39
65 5
55 9
5 5
25 26
76 19
50 26
45 18
34 35
87 33
92 28
33 13
45 19
77 19
7 30
37 10
59 30
29 39
53 29
25 29
86 28
35 4
10 40
50 6
54 29
65 8
70 15
26 11
88 5
90 33
22 18
67 34
51 27
98 26
91 27
73 31
93 7
95 19
65 40
38 10
48 18
88 17
4 20
75 16
15 23
52 9
97 28
21 12
25 9
46 28
80 9
68 23
25 12
17 17
14 23
73 4
66 21
7 3
8 36
100 20
14 11
68 38
91 16
72 5
42 13
69 14
67 25
17 26
5 13
54 35
3 16
32 7
80 25
94 10
51 38
22 37
40 21
16 24
98 36
39 29
45 14
57 16
49 14
53 33
60 32
32 13
32 12
32 21
65 20
81 32
10 27
50 16
56 26
39 22
52 33
11 15
87 4
27 5
37 7
29 31
6 6
18 11
69 35
19 23
6 11
39 17
56 34
3 33
66 34
47 31
30 5
26 37
7 14
50 8
84 5
18 3
84 6
64 32
23 17
12 18
30 15
48 20
15 34
56 12
13 30
79 32
74 16
25 17
36 29
3 12
75 21
51 4
86 13
53 15
24 9
76 33
67 21
96 37
98 21
90 10
22 9
45 11
99 13
16 38
82 15
40 14
1 15
88 21
45 35
57 39
42 28
77 32
33 14
38 25
66 28
14 32
21 15
2 32
86 29
41 22
35 18
10 12
88 4
74 8
2 22
74 30
7 31
52 6
24 29
91 24
20 20
15 29
44 13
39 4
99 35
16 17
73 21
98 32
50 21
21 14
31 5
56 15
92 31
84 35
52 18
9 5
45 31
73 22
40 20
23 15
82 11
94 29
54 5
4 30
39 13
31 28
72 38
36 21
59 5
73 24
93 38
65 12
46 12
58 30
15 5
5 16
63 7
88 35
30 7
28 15
71 30
46 30
75 32
98 35
66 12
23 23
13 22
78 6
20 23
98 30
65 26
18 9
78 27
62 26
22 22
17 32
69 28
38 15
83 29
64 11
13 13
11 20
12 32
10 33
93 15
61 19
27 3
91 21
72 23
98 17
32 27
77 17
6 7
41 14
17 28
33 22
77 23
41 31
88 34
97 9
47 30
29 5
29 13
26 9
66 7
12 36
99 33
43 38
1 24
80 5
24 39
90 4
4 34
27 11
9 26
27 25
3 14
36 27
26 18
59 3
84 14
1 22
41 21
12 19
14 35
14 14
30 19
60 14
29 32
76 5
89 14
51 19
49 11
97 37
100 39
83 36
95 38
51 34
36 22
48 21
75 11
82 9
58 13
55 4
48 5
14 34
72 29
56 19
55 32
39 12
47 22
94 39
8 11
78 25
53 30
7 4
20 27
70 7
59 26
95 39
52 10
56 36
33 39
59 22
56 16
85 40
75 5
49 23
70 16
29 28
53 35
12 8
37 12
92 34
62 22
69 26
7 20
85 11
53 36
73 18
43 21
45 17
90 7
66 13
43 31
98 13
81 12
81 21
99 8
44 7
49 19
8 38
21 19
86 16
66 24
38 19
54 40
11 40
67 19
34 24
1 6
44 10
16 9
55 39
12 9
35 29
80 39
32 33
11 34
9 27
92 20
50 34
40 40
42 11
20 33
100 24
85 39
88 16
85 35
79 31
53 28
26 8
13 16
39 5
70 31
59 17
16 11
70 30
85 7
58 10
7 5
8 7
15 28
57 33
41 16
33 11
68 25
80 10
64 28
43 27
44 34
1 36
90 20
8 29
79 34
66 27
93 21
37 38
67 16
8 21
70 37
7 18
61 26
6 19
41 32
56 27
70 29
60 33
25 34
2 7
82 18
56 35
11 32
19 25
43 15
15 11
92 32
11 30
38 28
97 3
44 5
56 18
97 38
40 24
60 27
97 6
31 40
95 33
64 13
64 10
27 12
55 34
47 37
50 36
27 37
94 25
27 26
25 23
66 31
89 9
53 12
56 40
5 30
74 27
15 12
100 36
32 22
87 37
31 34
60 9
17 10
91 10
77 6
34 31
15 24
19 27
14 30
16 5
94 28
16 32
95 23
92 3
1 37
24 7
16 30
35 5
14 6
62 4
78 39
95 36
58 20
83 18
30 3
42 21
