2265
3512
55 7
78 32
96 37
98 25
52 40
37 21
11 11
3 24
8 30
74 16
2 8
81 30
35 21
64 32
51 20
82 29
70 32
31 6
7 20
98 26
40 5
72 13
65 24
84 13
26 15
24 40
2 40
88 18
94 19
34 11
78 34
47 40
99 28
53 30
42 24
84 17
50 18
5 12
58 38
88 25
41 15
77 30
6 21
73 23
76 38
69 9
79 32
78 15
12 40
85 11
33 20
60 9
28 36
81 4
41 16
62 21
95 24
32 32
65 26
81 27
72 6
4 13
96 40
35 31
14 17
65 29
9 3
49 36
30 29
38 16
5 34
79 25
23 22
96 9
33 40
6 34
86 34
92 30
85 3
44 23
66 7
98 40
69 7
92 10
60 14
53 17
83 4
68 17
45 9
89 14
17 34
74 14
23 36
64 30
78 16
61 18
29 22
76 26
56 34
72 11
68 6
56 11
29 40
7 38
51 11
19 35
92 22
23 7
69 11
33 26
34 5
90 5
62 37
23 19
63 31
67 30
41 19
74 39
59 12
9 19
99 25
66 28
35 28
41 17
90 15
36 16
87 15
59 18
89 15
17 16
77 11
86 21
33 18
6 12
26 27
76 33
49 20
1 24
38 25
30 26
75 30
21 18
35 23
93 13
76 13
49 24
94 25
2 16
80 30
80 9
37 29
83 38
29 3
21 21
3 23
83 23
87 32
73 31
25 11
86 12
88 26
11 13
55 10
23 4
16 14
93 20
51 4
9 35
54 10
87 30
22 20
87 21
92 36
13 17
48 30
22 36
67 39
42 40
54 33
57 23
65 34
60 30
17 8
11 40
11 4
33 38
44 36
29 5
30 8
26 4
66 32
60 29
55 26
80 32
71 27
48 31
98 6
17 25
99 16
100 23
39 26
20 5
55 19
96 15
11 36
18 13
34 6
95 12
52 7
51 31
2 10
95 25
9 40
7 18
24 28
36 23
82 22
99 5
3 13
54 28
41 37
82 9
38 9
89 13
65 33
2 19
19 34
98 24
5 13
18 37
11 21
98 18
84 32
68 36
63 37
86 29
46 12
69 25
14 25
14 21
23 26
5 8
54 20
18 33
56 17
16 29
3 32
36 22
88 8
46 34
86 40
86 38
38 20
33 29
92 14
39 21
70 27
34 33
36 20
62 14
74 9
26 11
10 15
10 9
84 38
57 20
30 39
53 22
17 7
81 15
49 33
50 36
28 24
59 24
16 32
80 20
90 20
25 13
55 15
8 12
14 4
97 11
32 14
15 38
66 33
76 16
33 6
22 5
3 10
48 24
27 9
74 20
4 37
69 6
46 26
74 15
90 6
82 36
64 12
10 16
98 38
86 17
70 17
80 36
23 27
52 3
1 27
47 20
30 17
57 21
7 25
97 22
29 10
81 12
26 35
53 35
18 35
24 31
65 13
65 18
58 40
84 30
88 33
73 16
96 13
34 37
59 5
91 33
98 7
92 4
39 3
81 6
68 3
29 9
90 12
91 17
6 4
12 13
66 19
99 21
47 21
18 14
65 23
80 24
52 24
86 30
11 14
17 13
66 40
43 40
18 12
87 27
16 34
50 7
33 17
85 24
30 9
86 8
32 30
91 30
92 8
69 19
64 11
69 10
27 36
79 19
66 30
17 37
7 8
23 12
23 37
29 17
3 27
69 17
30 23
53 15
90 39
34 7
46 36
34 34
84 3
52 29
6 16
50 10
16 38
74 11
97 23
6 24
1 13
99 22
2 36
53 14
34 29
15 33
38 17
3 25
67 11
88 16
85 37
84 24
37 10
8 4
39 10
93 15
60 17
22 27
70 14
71 26
50 19
12 26
43 38
60 3
54 15
34 4
64 13
5 35
76 8
91 36
73 21
50 40
46 31
91 37
46 27
69 23
40 8
71 10
90 32
1 29
99 38
90 21
33 36
87 33
8 6
65 36
72 26
55 16
9 18
66 35
37 17
100 17
27 10
14 7
45 4
59 25
91 14
59 34
12 34
82 6
13 33
45 14
17 11
56 22
89 11
83 3
67 7
21 4
47 16
68 13
45 12
61 10
11 32
37 28
51 23
10 37
87 19
23 8
7 33
80 27
10 33
14 40
62 38
41 14
54 21
8 31
75 24
78 6
97 9
9 4
32 7
43 39
97 38
54 3
11 18
59 27
94 33
45 40
93 35
74 34
75 12
4 38
21 10
40 20
56 16
5 28
48 20
43 34
55 34
19 13
9 17
86 39
30 13
67 10
7 5
64 39
19 16
35 15
99 29
13 37
24 37
14 12
52 14
82 34
31 12
100 14
16 17
28 20
79 3
25 24
72 31
9 39
34 13
58 16
53 19
55 31
40 18
24 26
85 27
39 24
82 17
69 27
19 19
15 31
34 12
29 28
18 17
99 11
99 4
17 5
62 35
75 23
60 37
56 39
1 40
56 13
77 25
96 10
97 15
65 37
30 20
13 16
13 24
38 14
61 23
63 23
55 27
32 37
81 9
20 38
18 34
50 39
64 9
3 35
79 13
37 13
31 25
17 29
91 3
27 3
28 35
24 27
96 18
26 17
88 15
31 9
89 6
30 12
34 24
26 33
64 27
54 24
66 20
67 8
50 15
8 10
61 21
90 16
88 37
23 34
7 40
14 11
34 14
40 6
28 38
62 33
86 37
20 27
42 19
22 8
76 9
7 36
18 27
7 15
59 35
97 6
28 21
22 33
38 7
91 26
24 4
2 20
74 21
3 34
58 33
12 19
62 26
90 36
29 39
91 19
17 21
67 26
45 22
57 4
12 8
54 12
13 36
92 27
60 19
25 19
44 12
42 31
10 3
54 18
92 37
96 12
85 36
94 28
7 4
18 7
48 18
38 22
35 14
56 23
46 28
52 37
76 5
74 3
63 13
9 13
46 29
82 25
50 3
1 15
87 28
28 33
66 37
43 16
83 27
26 34
4 32
58 4
88 34
88 27
30 35
85 30
54 13
43 8
6 27
61 36
4 23
16 18
68 37
70 18
56 38
22 25
94 38
43 32
47 17
59 36
98 8
73 7
11 30
15 23
99 14
54 30
87 39
38 32
82 38
77 39
32 3
95 29
64 35
73 5
38 40
58 32
26 10
35 8
85 26
80 38
65 30
15 39
65 8
38 6
21 3
14 30
43 27
39 6
95 15
42 23
65 16
54 29
16 10
55 36
27 8
50 9
10 11
33 23
28 30
58 25
18 16
27 11
37 40
100 8
60 13
5 10
44 3
40 14
25 25
62 39
46 10
95 14
19 23
40 9
45 37
94 40
10 10
100 12
14 27
41 29
56 35
54 14
33 14
93 22
55 40
94 5
8 14
31 22
68 30
48 14
42 6
84 16
26 25
70 35
35 33
56 10
40 24
44 38
56 27
93 30
93 11
4 8
22 21
6 14
51 3
75 39
91 18
6 6
38 4
32 19
11 9
49 34
50 5
65 22
87 3
38 24
80 17
23 28
68 14
79 4
35 32
75 26
53 37
99 24
41 21
48 39
8 7
12 20
91 22
78 21
90 34
46 20
93 23
82 15
81 37
77 16
14 29
42 4
68 27
31 16
83 17
58 10
68 35
92 28
7 11
27 17
48 17
7 39
8 18
62 18
72 30
83 26
62 24
16 36
34 39
66 11
80 4
81 31
86 24
17 19
61 28
32 6
3 19
41 26
44 10
70 8
93 33
47 10
62 36
46 24
68 34
23 25
81 23
48 3
10 22
40 23
32 28
13 8
64 10
51 13
47 22
79 34
28 31
99 27
53 40
74 40
67 14
25 39
35 4
37 6
75 8
26 32
56 19
44 30
28 5
84 36
77 28
59 14
2 11
10 14
51 7
9 22
32 21
45 39
29 33
66 39
17 32
12 36
45 26
90 17
35 13
86 20
91 28
68 40
54 40
74 35
78 7
51 8
78 40
89 5
6 30
38 13
48 4
25 10
53 5
65 35
85 9
42 36
93 18
4 9
10 31
68 9
75 4
51 25
52 30
48 16
26 22
28 27
61 3
17 38
37 19
20 23
83 24
27 15
60 5
70 40
8 25
95 19
47 35
44 19
25 30
31 35
99 23
91 20
10 28
96 16
63 18
26 18
51 38
55 32
62 12
51 34
33 27
49 9
70 13
63 21
70 36
26 16
48 7
96 6
49 30
38 35
89 17
78 13
9 25
81 32
35 22
29 6
1 9
81 24
43 15
92 16
22 14
89 3
15 7
13 3
27 4
17 17
15 30
53 32
10 40
23 23
56 5
24 12
66 8
61 5
28 17
17 6
47 36
62 28
91 39
64 14
21 5
90 29
13 4
78 37
25 23
100 36
10 23
18 15
8 36
20 37
65 38
45 3
88 3
75 11
63 10
67 32
92 39
22 9
29 21
41 12
1 35
58 18
7 16
69 40
21 9
14 32
16 9
75 27
63 4
19 12
27 12
93 17
56 26
45 36
93 16
39 38
99 9
13 22
12 30
45 18
42 25
3 11
80 18
64 18
42 27
84 34
8 5
1 36
98 17
70 6
67 33
6 15
93 27
24 9
71 24
3 40
13 34
58 8
59 32
99 36
59 13
58 13
79 8
6 25
94 4
97 30
12 38
69 8
100 30
14 6
74 27
15 37
90 25
49 37
23 13
88 13
73 40
64 29
31 26
77 35
94 11
35 30
97 26
44 5
11 20
47 11
87 16
6 18
100 21
29 18
10 34
48 22
68 21
94 30
66 25
89 7
61 24
36 27
32 18
85 14
6 29
11 37
33 19
92 5
95 10
12 33
23 32
53 31
90 11
60 25
43 21
99 33
98 14
36 12
44 21
91 31
32 26
67 16
96 32
20 10
90 24
14 24
78 23
53 3
57 16
3 39
18 21
70 31
7 3
77 21
75 33
87 37
97 29
18 30
85 25
61 22
83 40
93 10
20 29
52 34
25 29
87 6
52 17
69 34
35 11
19 17
64 33
76 34
85 23
79 12
96 19
55 12
77 8
10 26
19 27
96 8
50 11
95 3
7 17
45 30
84 8
92 11
64 38
25 35
76 17
62 7
31 7
63 12
70 33
43 24
100 27
28 11
75 34
21 7
79 27
11 34
14 3
50 12
72 19
8 17
79 16
95 36
83 18
7 22
76 29
10 35
7 37
90 28
13 26
74 18
87 22
19 32
34 17
74 25
85 16
40 17
89 33
9 12
24 32
93 6
11 5
2 18
30 18
50 6
73 32
88 14
89 27
62 6
93 40
95 21
89 26
15 24
33 5
33 16
59 26
89 20
49 38
27 27
47 38
19 11
31 29
49 19
60 38
76 40
60 40
33 8
83 9
94 14
4 4
25 16
86 5
21 6
47 31
3 15
23 35
57 8
6 39
38 29
64 15
64 17
45 17
22 11
4 25
81 20
2 31
96 36
87 31
18 22
38 36
22 4
43 17
75 13
15 16
80 26
78 29
95 9
4 24
47 9
66 36
51 26
5 29
32 10
81 18
70 20
79 18
14 15
9 32
5 7
53 6
12 29
3 6
66 10
2 33
100 39
49 35
56 4
72 39
59 23
90 13
24 15
56 7
84 26
10 18
26 24
42 5
17 30
20 21
66 31
15 3
56 9
91 15
100 4
9 16
77 4
97 20
23 29
59 31
4 27
43 25
64 36
42 11
96 25
69 28
25 32
50 4
37 9
58 26
2 7
95 8
46 16
69 24
23 3
16 21
72 40
81 19
70 7
36 35
35 34
24 19
80 5
32 8
63 11
30 31
73 29
42 18
75 10
43 30
99 20
12 16
19 22
2 37
2 27
72 5
78 22
5 26
14 14
75 3
79 23
50 24
79 17
93 36
9 6
50 28
100 16
35 10
15 13
54 31
5 5
44 27
66 15
52 23
97 12
26 36
22 34
17 39
78 26
2 3
98 33
98 21
50 32
87 29
43 18
80 16
34 22
80 3
61 12
28 10
61 9
47 15
46 8
46 15
52 36
62 29
57 18
65 19
29 37
78 31
39 22
23 20
93 5
74 17
58 22
70 29
86 11
62 31
82 4
26 29
69 22
52 21
56 30
64 24
32 31
66 14
87 25
92 18
1 3
61 7
67 6
100 6
84 20
36 34
82 20
51 24
57 31
23 5
75 6
84 19
39 15
13 40
96 17
41 8
40 3
95 22
59 15
89 16
81 25
73 14
60 15
5 22
10 21
50 38
50 37
73 9
15 19
15 6
51 9
81 29
66 12
77 38
54 23
78 12
37 27
84 7
82 40
78 3
60 24
74 37
20 16
89 19
49 26
88 30
67 18
10 24
12 5
19 10
38 28
35 18
63 3
85 39
99 30
9 34
61 34
54 16
59 8
94 16
11 19
90 3
62 10
34 38
67 24
44 14
84 11
41 23
34 15
86 32
40 19
95 33
43 22
21 35
92 40
31 10
33 34
43 36
48 11
56 12
57 19
98 19
48 9
99 18
68 15
71 35
73 8
75 28
86 31
85 32
32 25
50 26
27 34
53 34
28 28
89 21
100 10
4 10
62 25
93 37
78 8
61 16
79 24
37 8
85 38
16 26
45 5
94 9
86 14
42 9
63 24
24 17
12 3
51 17
70 39
98 29
79 29
36 30
32 35
69 38
33 30
13 11
7 24
97 35
43 26
59 30
17 15
39 27
36 26
59 11
67 3
57 7
1 34
18 25
69 12
8 8
5 32
80 21
15 14
16 4
96 3
21 33
24 25
2 29
10 20
30 5
76 3
48 15
70 11
22 22
24 30
79 30
55 39
21 30
89 38
99 7
5 36
68 32
39 14
98 12
32 17
43 6
2 30
4 31
53 24
63 34
34 16
24 6
23 9
94 35
30 33
90 8
45 25
7 7
69 21
29 35
50 31
58 29
36 10
86 25
89 31
59 17
40 37
43 13
64 37
64 6
91 13
82 19
73 36
77 20
63 36
87 8
100 3
36 11
20 25
71 11
89 12
84 39
96 26
13 38
56 20
86 23
12 27
9 8
58 27
22 16
6 23
24 18
86 28
26 19
82 39
97 27
94 3
56 15
19 3
34 28
17 24
21 27
7 32
88 31
41 6
94 31
48 36
42 35
75 19
59 40
28 4
11 31
4 21
57 3
80 28
28 13
22 26
36 3
7 12
4 28
35 16
53 20
14 39
48 13
60 10
17 3
49 21
34 31
72 4
93 14
40 11
14 28
39 5
70 16
25 22
25 4
41 9
40 12
18 31
53 11
79 22
16 23
71 19
48 35
63 33
33 32
42 28
89 10
96 31
6 26
9 5
28 22
100 28
18 19
26 23
56 6
43 29
29 14
95 17
94 39
67 34
30 16
16 3
71 18
98 35
50 20
92 23
94 36
37 20
91 8
50 25
29 34
9 28
73 25
52 8
78 28
22 39
40 16
19 20
23 39
47 5
28 34
94 23
83 28
43 9
22 24
30 22
92 33
78 14
41 40
54 39
24 8
55 23
29 38
37 16
1 26
64 28
74 10
22 37
57 40
76 36
67 38
1 18
18 8
82 23
90 19
35 19
87 12
58 36
51 5
12 28
63 28
13 20
51 40
20 31
32 13
43 14
100 5
46 17
65 25
57 35
88 40
49 22
63 14
38 39
97 32
5 25
2 9
74 12
35 26
31 30
17 23
27 25
41 33
67 12
98 23
84 22
100 37
89 40
40 27
18 11
46 9
80 31
93 38
1 19
58 11
54 7
2 22
84 33
69 13
15 20
11 17
88 35
5 33
25 18
8 22
27 24
5 19
6 32
90 7
46 38
77 10
63 5
16 8
24 20
57 10
34 25
44 34
3 36
31 39
80 6
53 4
65 31
98 31
93 21
34 21
84 40
20 6
85 35
93 25
8 24
48 19
9 37
32 29
35 29
74 33
8 9
38 37
46 7
29 13
45 10
30 36
70 12
99 6
60 7
31 13
80 37
41 27
35 9
19 36
68 26
34 32
59 3
75 29
7 10
56 37
86 16
96 27
57 39
67 35
53 28
41 3
8 37
20 32
65 17
65 11
74 36
54 19
50 34
68 16
6 31
37 39
95 4
41 38
41 20
5 9
76 11
77 37
3 12
42 22
49 32
4 15
4 14
79 14
53 36
9 30
26 31
4 40
59 16
13 7
10 17
84 23
14 38
39 9
97 5
91 7
12 23
23 14
36 33
96 38
67 5
6 17
59 20
92 3
14 5
41 24
56 40
5 14
68 28
1 37
7 6
49 25
55 38
53 23
27 33
47 27
31 21
17 18
40 10
25 34
76 30
96 35
41 4
22 15
74 31
60 6
49 28
99 10
74 8
87 40
39 25
91 16
47 12
67 29
2 32
85 6
42 15
51 18
42 33
3 7
76 37
97 8
88 21
58 31
52 38
72 12
5 11
85 18
10 39
87 13
54 9
96 33
83 21
88 23
14 36
51 22
36 4
91 38
87 20
78 20
70 4
21 16
94 6
78 38
72 20
38 33
72 16
50 29
40 15
7 21
36 13
19 31
10 29
5 31
82 7
17 10
13 31
99 35
55 35
30 4
11 3
95 38
64 23
24 36
60 28
46 4
53 13
68 11
16 37
9 29
25 20
34 26
3 38
39 16
37 12
13 35
87 38
45 21
80 11
31 38
52 28
96 11
72 14
92 17
73 39
35 39
94 18
37 4
99 39
66 13
82 27
95 40
91 23
27 14
26 6
31 27
82 16
4 11
6 13
49 7
73 15
79 11
37 32
46 40
34 30
38 38
57 38
22 32
52 31
77 31
64 20
80 15
64 3
11 7
90 38
89 9
93 24
75 21
55 9
20 11
88 39
86 27
73 19
96 28
15 35
58 9
29 26
80 19
14 22
78 30
91 9
76 25
72 21
42 10
72 37
6 9
32 27
25 33
81 14
27 26
72 27
15 15
40 7
8 32
87 4
3 33
16 20
44 11
90 31
56 21
89 24
39 37
39 28
85 22
13 10
87 24
67 13
50 23
78 4
46 6
12 7
60 20
26 30
33 39
82 3
43 11
60 23
14 26
27 28
61 35
33 33
98 27
79 31
71 17
18 40
36 8
39 20
82 37
19 9
4 18
27 40
74 28
40 21
30 6
20 12
32 11
65 10
74 6
39 34
22 12
58 34
40 31
32 34
35 38
8 15
46 13
15 34
90 33
23 11
45 16
44 32
3 18
24 16
87 26
80 40
84 5
70 23
32 4
100 11
53 10
98 16
66 24
88 4
44 9
76 24
72 25
28 9
75 32
37 22
40 26
46 39
78 33
64 19
100 38
77 17
28 15
33 24
54 17
36 18
19 14
55 17
46 11
76 7
75 9
24 39
59 4
40 25
27 22
97 36
26 28
6 11
97 34
93 39
64 31
37 35
80 7
51 10
20 13
75 17
32 39
19 7
70 24
36 6
57 25
89 35
4 39
5 23
19 24
57 17
16 27
90 10
21 12
4 19
17 40
98 37
60 8
67 40
51 14
34 20
86 15
82 18
27 18
41 28
70 21
31 36
32 36
16 6
64 22
4 17
81 16
56 18
23 17
11 35
21 40
21 39
68 10
65 39
52 16
68 20
62 11
27 7
80 13
23 24
46 32
52 11
94 32
98 15
28 16
12 12
49 13
10 19
10 4
40 35
57 15
40 33
47 30
45 7
55 25
92 12
42 3
38 23
34 35
8 23
37 5
68 4
49 8
95 39
57 37
14 23
27 16
95 31
19 4
42 7
98 22
85 15
92 7
31 34
19 33
32 20
67 36
73 30
27 21
86 13
61 11
84 21
90 27
3 3
96 21
46 23
20 22
93 3
69 35
25 21
67 23
56 32
24 24
50 30
47 39
81 10
50 21
74 7
55 33
63 25
85 5
73 20
50 22
88 20
2 15
14 34
36 36
86 22
67 37
52 15
25 5
75 40
3 20
96 7
99 26
54 6
92 34
1 6
55 11
85 34
93 31
11 26
100 40
58 15
26 38
51 33
45 13
32 40
74 26
83 19
63 8
20 30
79 40
99 17
58 30
55 22
93 8
3 8
76 12
5 16
33 15
52 13
36 28
76 39
63 20
2 14
92 20
21 13
100 34
2 26
47 24
90 26
29 8
77 7
60 31
26 7
26 40
36 15
6 33
11 27
1 16
25 6
16 16
84 12
69 4
2 23
15 26
31 28
65 9
38 5
64 26
79 36
27 6
35 37
71 30
32 24
47 13
68 7
56 28
32 23
91 6
86 9
53 25
30 21
26 21
90 37
13 9
83 37
40 4
24 22
49 17
49 3
84 15
42 14
61 39
98 34
52 4
52 19
19 37
48 10
48 40
66 9
41 39
15 9
18 38
20 26
22 38
58 20
21 8
71 5
59 21
28 23
63 29
94 15
30 27
10 25
65 12
80 14
61 37
88 24
15 22
49 11
11 29
58 37
23 18
26 8
83 11
78 19
50 33
36 40
53 9
2 25
60 12
62 32
9 21
78 24
40 30
66 6
81 36
96 39
63 17
62 17
73 34
8 16
13 39
4 36
91 4
68 12
67 9
44 40
1 4
19 28
79 7
24 5
77 6
79 28
36 21
9 10
17 14
43 23
43 31
65 15
96 29
71 4
23 10
2 34
23 6
92 26
74 22
98 39
78 5
42 37
58 21
44 6
8 29
80 33
82 11
3 4
12 32
1 32
66 4
61 29
34 19
94 37
62 30
9 26
88 32
21 20
85 33
5 6
50 35
73 3
25 14
16 11
32 33
100 29
39 4
14 16
20 28
61 30
25 7
55 28
27 38
85 28
71 14
38 18
61 15
41 34
30 34
1 5
80 23
18 23
60 4
28 6
71 22
95 30
54 37
26 14
15 11
31 20
72 10
86 18
50 16
50 8
59 29
39 30
66 23
35 17
48 5
97 14
4 20
22 19
76 19
12 24
12 15
29 25
13 28
83 14
79 15
43 12
23 21
45 6
61 27
61 25
55 6
97 24
12 18
76 27
6 10
83 6
41 36
27 19
47 8
44 24
55 5
37 15
23 30
100 31
45 19
20 3
67 20
33 3
22 30
94 21
76 14
52 6
46 3
1 17
72 7
51 35
43 28
15 5
28 14
9 24
57 11
53 18
82 21
82 26
38 21
60 26
85 40
66 34
95 23
69 39
39 11
78 39
79 38
97 31
45 38
58 3
19 18
3 28
85 20
48 38
63 35
26 9
75 15
83 33
33 7
33 31
76 6
91 5
71 9
50 14
21 32
57 14
35 5
84 9
8 26
81 38
79 33
81 13
26 3
59 9
57 36
44 25
16 39
69 31
4 12
92 38
62 5
6 7
43 7
1 33
46 30
31 24
20 14
90 22
70 37
65 40
86 33
73 37
61 4
15 27
7 14
62 13
96 20
94 10
9 27
63 15
42 29
20 34
91 40
69 18
59 38
21 11
66 16
87 17
47 34
58 28
98 32
43 19
44 13
69 5
35 7
27 5
93 32
75 36
44 28
70 38
1 11
29 32
29 16
51 6
18 32
60 11
97 21
81 8
94 8
16 13
31 32
55 18
59 33
67 17
57 24
3 17
2 13
14 35
31 33
77 9
98 3
71 6
82 14
20 20
91 11
60 21
38 34
4 22
56 29
71 16
56 3
2 21
47 29
91 25
26 13
90 4
21 26
72 23
92 15
77 3
89 28
9 9
2 28
49 16
5 24
36 38
53 39
67 27
89 4
7 19
64 7
88 38
36 39
69 15
29 24
3 22
25 12
61 40
82 35
33 13
36 29
33 25
20 24
44 26
15 28
5 30
48 21
40 13
71 3
97 25
67 19
7 35
47 14
44 7
94 29
66 38
75 22
42 26
53 27
47 23
52 5
16 25
6 19
97 10
40 28
95 18
49 18
5 38
85 29
59 28
80 35
27 37
39 18
6 40
12 14
72 32
58 35
92 25
31 40
98 20
20 17
25 27
97 40
26 37
43 3
56 24
65 6
76 31
53 16
3 31
77 5
71 7
29 11
89 30
30 28
19 26
94 13
39 13
5 4
39 40
8 28
15 21
35 3
77 36
55 3
73 35
9 31
73 12
76 32
49 15
92 6
48 27
55 13
1 12
18 36
15 40
83 10
15 8
34 10
31 17
16 24
82 31
76 28
63 39
30 15
75 5
8 40
74 32
64 16
27 23
97 18
100 35
72 28
5 37
71 12
19 39
82 10
56 8
50 13
44 35
53 21
29 15
41 5
18 4
25 8
82 12
16 19
17 31
44 16
10 13
92 19
60 32
10 12
35 6
75 18
52 35
45 24
54 8
85 8
43 5
69 3
30 37
38 27
4 34
75 25
83 20
20 39
61 20
16 40
46 25
27 29
69 37
25 37
53 7
88 12
24 3
37 36
67 21
17 4
94 26
34 9
44 18
16 33
1 20
54 38
4 26
36 5
83 13
96 22
73 17
93 19
33 9
5 39
70 25
28 39
59 19
6 36
88 11
17 9
20 7
52 20
46 5
78 36
13 5
44 29
51 30
44 37
35 24
100 24
77 27
70 34
2 4
3 30
93 26
54 11
74 30
57 26
76 22
1 28
54 26
73 38
1 14
10 8
44 4
77 33
37 7
91 10
84 14
30 24
57 32
28 25
22 3
63 6
23 15
37 38
3 37
16 30
57 29
88 28
52 22
93 4
14 31
47 18
38 10
98 30
82 5
63 9
19 21
86 26
64 25
21 28
76 20
97 17
30 3
3 21
83 5
27 20
43 37
68 23
45 15
59 7
2 38
96 24
18 5
19 40
88 22
55 21
9 7
73 13
37 18
46 19
20 9
95 7
74 4
75 38
71 21
22 23
34 3
11 15
76 23
72 24
1 23
57 12
43 10
33 4
11 39
69 33
68 24
80 22
48 34
68 8
60 36
95 16
73 4
91 21
52 10
21 31
50 27
29 4
4 7
9 23
56 14
31 18
77 12
75 37
12 31
41 7
71 38
88 19
45 20
83 7
44 8
11 22
62 4
53 8
63 40
30 38
15 36
24 29
84 18
48 28
5 40
53 33
63 32
56 31
84 31
30 40
40 32
97 13
72 18
11 16
71 36
4 16
89 37
72 35
13 30
97 16
95 5
40 29
1 25
62 20
1 38
65 14
14 10
55 29
46 21
26 12
59 22
73 6
83 31
63 30
31 23
11 38
95 6
12 35
80 29
11 12
69 20
32 22
21 24
38 12
62 23
44 17
73 18
53 12
82 30
16 35
92 9
65 21
41 18
61 38
22 28
8 35
95 34
62 3
41 10
3 29
70 30
27 35
76 4
37 14
52 39
31 31
68 31
39 17
100 25
89 34
31 3
98 28
66 26
63 19
68 33
42 8
71 29
41 30
72 17
29 19
22 17
65 28
60 34
51 36
84 29
81 40
6 35
98 9
49 6
36 7
58 12
14 13
87 11
23 38
20 35
68 5
18 24
48 37
15 29
70 19
8 39
32 38
71 37
13 23
67 15
15 32
33 35
36 31
57 34
12 10
4 29
28 29
73 28
46 33
33 12
79 20
41 31
47 3
88 36
54 5
92 31
39 19
92 13
49 12
93 29
43 35
62 40
49 29
20 40
39 23
49 40
48 33
84 10
71 28
77 29
78 9
68 29
94 20
73 27
16 15
1 10
38 15
28 19
6 22
97 28
27 13
13 27
78 25
1 22
30 14
57 6
93 12
13 25
25 40
12 6
100 15
65 3
60 39
12 22
37 24
79 35
93 28
90 35
48 26
15 10
78 17
77 15
36 14
12 4
31 5
39 36
83 36
71 33
89 23
28 37
61 13
24 10
29 30
74 38
72 22
31 19
14 9
9 11
34 23
70 26
29 36
29 7
28 32
7 27
19 8
2 35
18 20
61 17
42 12
19 29
99 3
44 20
51 16
91 27
53 26
70 22
58 19
57 22
30 30
18 28
7 23
11 28
86 4
48 23
12 21
97 4
52 32
84 37
53 29
94 7
99 40
8 38
22 40
68 19
65 20
16 12
47 33
80 39
100 26
60 18
14 33
5 18
38 30
81 17
8 11
49 4
77 32
62 19
85 19
85 4
84 4
69 29
81 21
3 16
10 30
70 9
70 3
12 17
99 31
74 23
36 24
12 9
87 36
8 20
21 38
28 40
42 30
84 27
44 22
61 6
55 37
81 39
45 34
48 6
87 18
69 30
42 21
26 5
83 22
45 35
10 7
36 32
92 32
82 8
85 17
80 34
51 32
43 20
62 22
83 34
92 21
97 37
2 39
55 4
31 11
10 36
10 32
4 35
42 32
35 20
6 8
90 23
52 33
90 40
98 11
81 28
87 14
57 33
37 34
42 34
80 10
25 38
8 21
99 12
57 9
4 6
77 34
72 34
28 18
24 23
29 23
46 35
4 3
55 8
54 25
86 35
100 33
58 23
100 20
72 36
51 21
47 32
17 22
37 25
42 20
21 19
14 8
2 17
28 26
100 32
44 31
74 5
33 10
51 28
24 33
37 33
90 18
34 27
86 3
33 37
46 14
73 33
26 20
55 30
41 32
97 39
48 29
15 25
7 28
66 3
8 33
70 10
32 12
85 7
100 18
89 29
62 8
99 34
99 13
19 5
61 32
88 10
73 22
71 15
13 21
11 24
20 8
96 34
39 32
39 29
65 7
12 39
3 26
91 32
7 9
98 10
13 15
11 33
89 22
89 18
68 18
63 26
83 30
9 20
43 4
21 34
34 8
13 12
61 26
90 9
39 33
24 38
18 18
60 27
54 27
97 7
20 36
48 12
30 32
58 7
35 25
51 27
6 38
18 26
95 37
81 33
10 5
39 31
7 13
52 25
49 23
62 34
41 25
72 33
60 35
71 39
72 15
1 31
22 31
19 30
47 28
19 6
44 15
13 18
75 31
95 26
73 10
94 12
81 3
45 8
17 35
14 20
48 8
71 31
8 19
63 27
3 5
52 9
30 25
93 34
38 26
2 5
70 28
51 12
20 33
88 7
8 27
17 36
43 33
86 6
37 30
22 29
38 3
83 15
2 12
33 28
3 9
58 6
81 7
15 12
99 8
79 26
33 11
20 19
77 40
70 15
5 17
76 35
83 16
30 10
44 39
12 11
14 37
29 20
28 7
82 24
21 36
99 15
19 15
39 39
78 18
45 32
91 24
37 23
78 27
12 37
34 36
82 13
71 13
18 9
64 8
19 38
22 7
54 34
38 8
76 10
30 19
61 31
1 30
36 17
51 37
1 21
27 30
51 39
24 21
88 17
46 37
35 12
18 39
49 10
54 32
58 14
16 5
62 27
42 13
1 7
72 38
67 28
8 34
40 40
31 37
49 39
29 29
35 27
88 6
69 32
24 13
83 29
3 14
86 36
85 10
65 5
9 36
27 39
38 31
17 28
47 25
25 17
87 5
96 5
78 11
25 36
86 19
15 18
63 22
89 39
26 39
67 31
73 24
12 25
66 22
83 32
45 28
25 26
37 37
81 11
77 18
40 34
96 14
67 4
25 9
71 8
71 23
35 36
40 22
85 31
100 9
9 14
6 20
6 37
48 25
85 12
68 39
74 19
54 22
6 3
77 22
87 9
80 8
37 26
92 29
11 10
65 4
28 8
37 11
31 15
76 18
24 11
47 4
50 17
42 38
47 7
84 25
16 22
84 6
32 15
95 28
96 4
4 5
28 3
10 6
28 12
64 5
79 6
13 19
20 4
92 35
88 29
21 25
87 34
91 12
72 29
84 35
79 39
39 7
40 39
71 32
82 32
6 28
94 24
88 5
64 21
80 12
22 10
69 36
87 23
