100000
9875
7980 11
858 30
5521 31
3212 21
8413 6
8004 3
2468 12
1664 37
9336 37
3101 32
5246 35
4703 19
6396 17
386 16
9596 38
3762 7
3363 24
5256 28
4194 16
6748 8
5583 36
3142 35
8768 22
4962 12
562 36
5589 7
148 16
8108 35
539 3
7991 16
4247 40
879 22
9418 28
4283 37
1113 37
1410 11
4018 5
8465 24
3929 24
1066 22
5628 6
8377 22
8878 26
2039 25
4123 17
3095 31
1732 38
8670 16
5908 11
965 9
2557 3
599 35
4830 5
5293 32
1142 40
4464 7
7162 28
2469 34
4625 12
7009 14
2222 40
6344 4
1262 21
9173 26
4340 27
7098 24
2140 17
4488 19
960 16
4273 4
8938 30
5779 23
5796 30
2260 31
7291 21
8358 13
8658 21
5908 20
728 33
6367 23
2431 23
6002 40
9485 27
3648 11
9263 34
6284 5
9450 14
3080 6
9550 17
3308 27
1152 18
611 16
4110 37
5493 35
7180 25
5015 15
8212 37
35 31
1487 39
4629 26
7866 12
8900 18
5934 19
3521 35
8695 35
6037 13
8618 25
3641 3
3885 35
1075 32
2797 27
9742 28
7111 9
181 30
946 40
7601 21
7057 29
3657 14
288 31
44 20
2102 33
5231 12
6151 9
298 30
961 28
633 39
372 3
4362 4
9771 21
8255 11
5221 19
8960 15
988 38
9698 18
6053 22
8901 3
1613 6
9598 7
226 27
7192 10
5237 38
9247 27
5714 8
6524 3
4347 6
1599 15
8944 20
5038 26
6294 27
7447 9
1341 10
6827 11
6197 20
8429 6
7230 9
1050 12
6761 6
1591 21
103 27
6240 21
6142 35
7760 30
3879 7
3176 22
5896 33
3902 37
5431 29
1578 10
3059 9
8842 19
8508 39
4750 35
9282 6
142 22
2575 21
9342 7
3008 26
4664 10
9835 40
5756 5
4937 9
3337 22
1100 38
6496 17
4261 10
825 30
7530 33
638 20
6506 8
7063 24
792 38
7037 35
9030 24
2493 35
2453 17
1979 30
3523 18
2488 7
6020 11
3841 39
6371 26
6768 12
139 11
1310 36
4611 13
5692 28
5305 4
9743 26
6942 21
106 18
4347 34
1195 37
7255 26
318 20
8133 23
6368 12
8556 36
8896 31
8290 6
7137 8
6828 30
1242 35
7226 32
8223 33
5758 20
20 5
7427 22
9979 25
4243 22
8844 11
8582 8
3408 5
6096 9
7185 35
9409 38
3353 14
6891 40
1019 38
5279 37
3364 25
6473 22
4274 26
4761 25
5660 16
1206 34
417 29
650 33
6619 21
6214 28
7550 5
8455 17
8066 7
9990 20
9543 16
5285 14
2557 37
2214 39
5137 11
7432 16
6762 37
7684 28
139 25
4499 10
9661 34
5826 7
4043 25
2553 16
8864 5
9984 29
5366 17
8599 5
8459 11
2967 14
348 31
1687 18
4589 40
7813 34
1389 4
7645 21
2766 33
5224 24
5985 5
1639 5
6144 10
5179 23
7488 37
2008 35
5026 29
5213 14
2890 10
3073 6
7180 8
6728 3
8993 33
8382 24
2318 30
4197 10
6714 22
1765 6
1951 7
9725 35
9781 11
9454 34
8933 31
5304 12
647 27
7995 9
1659 6
9656 9
7501 19
3608 38
6604 9
1220 33
4264 13
595 28
1243 33
8398 23
5087 29
6248 10
554 9
944 4
950 19
4492 10
589 31
8816 14
3577 27
2708 10
2795 10
6232 10
5362 33
3613 11
5648 37
2545 24
5548 20
1248 32
235 17
6880 22
8116 16
8218 38
5488 36
3651 14
5848 36
9071 6
8227 8
1460 36
7290 14
8946 35
6946 15
9720 34
503 3
5224 15
5100 16
7400 20
7011 11
2126 35
7282 3
8317 21
7217 16
5512 10
8375 10
976 28
5933 35
3067 28
2516 21
6557 25
5681 31
8048 11
7345 13
9748 22
9985 36
9872 37
390 39
4380 30
473 32
5867 5
6880 31
486 13
1300 38
3238 9
3753 21
8832 16
3019 27
6040 20
5104 11
918 22
894 21
3420 25
2979 7
6079 27
4864 26
7955 36
2390 15
3592 11
6972 40
5854 8
1282 34
2025 14
1860 9
8619 25
3247 8
6320 36
2665 23
2006 4
9728 25
6815 34
4672 19
7934 26
3496 6
2729 27
9800 17
2048 4
9126 6
5329 10
8641 24
7016 40
3543 20
8366 17
626 27
414 13
8370 11
2118 16
3172 29
8185 22
856 32
4956 34
7993 6
2049 37
5141 15
8472 12
8863 25
4296 19
6664 27
1951 39
3942 13
2861 32
3003 4
9590 5
6940 16
5209 35
8587 33
2472 22
4059 25
1327 28
1279 27
291 37
4954 40
6857 34
7195 37
480 36
4891 12
9220 19
885 33
193 38
7195 12
7075 10
1015 40
5623 36
6092 17
4443 32
7076 7
3370 16
2060 9
3952 13
7218 31
1429 21
139 29
945 19
8957 27
7999 8
8302 3
4165 15
3537 21
5565 38
4630 21
8099 4
9491 11
5317 29
6487 39
6592 29
7215 26
4792 21
6304 32
7088 29
1962 22
1699 28
6568 13
9970 28
3228 21
2368 20
1054 18
5221 38
5724 19
1769 34
2586 35
5097 20
756 31
4133 24
4436 10
5720 9
8944 39
3888 34
397 40
3013 15
4052 36
6994 5
936 33
7143 39
2263 26
2490 12
6560 10
4648 35
9365 10
8774 27
6909 8
4483 6
37 22
33 18
6624 37
5656 23
3931 28
3685 31
3528 29
1452 19
941 25
8715 34
9047 29
7983 10
6216 13
2520 7
6581 30
8975 19
9050 19
1150 36
5496 3
8995 18
4777 37
9281 14
4028 9
338 29
6252 40
669 10
9196 26
3855 19
9743 15
8008 37
2853 22
2975 3
8143 3
7062 15
8042 10
4773 39
6768 33
2825 36
7651 39
792 21
4662 39
5720 32
3236 8
393 14
5463 24
8682 9
4869 39
817 12
7991 3
6889 18
615 13
4791 13
4098 17
5809 17
7335 38
1209 19
494 14
4255 29
4839 6
2036 23
4506 38
5738 3
2914 12
1718 5
8774 31
7071 38
6488 36
4261 34
2998 37
748 35
3866 11
3217 31
5148 20
6865 10
1752 6
1116 17
8233 15
266 38
5948 3
3203 12
9995 28
8435 17
3377 22
4175 26
2302 23
2131 19
4160 9
8612 29
1692 3
6638 25
8595 36
7765 24
3827 40
6673 30
4655 5
1697 18
8213 26
8151 38
3531 12
1278 34
2732 23
7906 30
9703 24
6400 28
9362 3
1009 27
7574 27
3854 6
1421 38
3068 29
2273 28
5655 6
2459 24
548 21
216 10
2655 14
3766 7
4796 27
3463 23
5242 14
2309 3
2242 8
9983 27
7620 9
5355 36
4590 22
7421 34
1977 24
6295 33
2247 6
7609 35
3832 10
9109 33
9602 18
7912 34
183 15
7312 32
5027 19
5882 20
7916 40
8394 22
6959 12
3667 26
3450 28
505 3
6625 14
8597 21
3495 4
5942 10
3095 9
9130 37
1619 15
9086 4
5934 35
7083 14
7124 30
5296 6
8111 36
6816 39
8267 37
9852 29
5952 9
7811 14
1275 20
4594 31
2417 3
2610 8
678 9
8335 35
4073 23
7840 8
7960 19
3712 33
5583 40
9201 22
2080 25
3601 28
2251 17
3823 10
2545 7
1648 5
780 22
3076 14
7754 8
2975 30
5982 35
5734 31
4282 30
3245 36
6790 34
6365 15
6206 40
1075 30
5669 25
5721 27
6298 3
2719 38
2344 28
4501 4
8610 22
6461 27
2324 38
5867 27
2475 27
1677 29
6266 38
7791 35
8131 40
9303 17
2109 31
5329 13
7284 24
9397 12
7838 29
3952 26
9440 27
6769 25
3297 28
9794 37
5075 31
5594 34
3379 25
7961 30
8356 22
3071 12
3405 4
9360 6
8140 6
7948 31
1566 23
2803 28
3192 26
826 15
6945 15
1012 30
8578 29
8422 10
5533 20
1581 3
6663 25
5827 9
1999 21
4866 9
1728 29
8833 28
2227 5
7818 32
2434 31
6680 29
784 37
4674 36
4319 27
2387 29
3850 11
551 14
2343 31
9066 23
5736 7
7537 20
5574 33
8314 22
2148 10
1427 39
2075 27
2184 9
757 32
1518 37
7096 17
4270 40
8044 19
5603 4
7011 17
9707 17
1275 28
9722 35
4924 16
2510 9
8648 29
3548 35
8720 26
1684 22
9238 5
7512 5
2619 11
5654 16
7102 18
199 25
3379 34
5899 15
5815 8
7798 13
1149 6
9249 26
6547 32
6283 26
2197 40
1865 21
5259 23
3580 8
5961 33
7651 13
3610 29
2763 8
4656 8
7393 39
626 39
3438 17
125 8
1273 26
5218 14
362 3
5316 36
9711 34
1409 14
4177 40
6297 25
5443 15
9802 7
4286 12
8373 10
1106 25
7000 39
5862 39
7294 25
581 10
6841 18
5989 39
5147 12
373 39
9419 31
8361 34
8023 13
553 24
8624 24
848 38
2168 31
4323 9
6999 34
3355 33
5533 21
1966 32
8363 9
9069 20
500 18
6197 25
7679 26
7308 4
5866 30
7564 15
1613 23
8513 23
3139 14
5857 38
2331 32
3500 15
9956 35
9601 21
5857 23
2176 5
2200 26
6099 8
9580 27
2196 16
6454 14
4640 29
8581 11
2370 12
5505 8
7540 34
5497 9
3731 3
4515 11
2799 40
8301 30
1049 35
1495 19
6757 7
3169 5
4481 19
8866 21
8242 40
2602 4
3981 29
8139 4
1604 17
2691 36
7262 24
6712 26
3254 34
4658 35
2440 23
9074 14
4746 23
9675 11
6889 40
1817 17
203 28
2528 5
8125 37
5450 8
8901 5
9134 11
6443 3
7063 13
5618 37
7473 19
6208 12
8451 23
3804 12
6678 36
3731 28
7552 28
696 5
8340 17
3588 20
6601 39
3890 34
4606 36
4473 8
6124 9
8179 3
8908 4
8623 15
6405 26
4762 38
9878 36
8111 31
9806 33
9109 29
7309 35
8106 18
3136 36
3742 10
6152 19
7010 8
9510 16
1928 5
3544 15
5497 39
1754 30
730 36
3984 24
6578 33
2821 31
5633 27
3521 33
7954 10
2318 7
1200 35
4039 29
7811 10
4494 37
4284 11
9251 6
5696 30
3329 12
2794 16
2417 15
6927 24
1511 27
2358 6
4114 32
2320 26
8023 15
7708 9
605 31
4433 22
9402 37
5606 25
5892 30
3789 13
1019 26
1865 33
5742 23
3312 21
5026 6
8415 33
9702 12
3455 14
9 26
7711 16
2281 40
563 16
8333 19
1188 30
8835 40
1902 13
2733 9
2894 21
3301 7
5153 18
5558 20
7463 3
4451 13
4271 21
4433 7
1758 24
6665 16
1653 10
3259 24
4487 19
8448 21
8657 21
6809 8
9444 25
4158 22
8036 10
9395 20
9532 37
5130 22
9599 12
9319 19
1507 35
8373 25
5909 22
9507 6
4384 24
4412 6
7066 11
6381 15
4936 12
7405 18
3120 32
9011 18
8685 27
9905 7
3312 36
1491 22
3804 13
6614 32
204 14
8854 18
5308 17
6995 31
3747 11
1157 25
6315 18
8904 31
2461 21
7955 27
365 6
7651 25
6406 4
1119 18
6105 15
1832 22
1623 13
6198 32
2908 33
6551 37
6481 32
7811 13
3327 28
7044 15
671 11
5717 7
4054 27
4697 36
3496 10
5978 5
3666 32
3363 27
3181 34
6875 10
831 3
3833 18
6877 39
3973 17
7948 25
9458 27
5103 37
3285 39
6179 37
3207 14
5292 27
5038 23
6931 32
835 27
9675 4
1656 31
6264 10
2864 22
5976 5
6908 16
758 36
2142 34
629 12
9197 7
7575 15
5606 32
9172 4
6546 28
5802 38
4713 7
1935 39
5495 21
3716 3
1084 10
8855 33
5820 6
8364 17
6243 28
7224 21
6658 16
4378 40
5398 9
2030 33
1929 14
1296 19
1258 17
2554 25
6358 38
2306 38
7332 29
7761 29
6994 34
9573 8
6407 32
9174 15
7870 30
5943 9
443 14
3798 10
5129 8
6520 33
7124 26
2097 14
8658 20
5535 10
2107 13
2200 25
8465 17
783 11
7007 20
563 9
2245 18
4770 9
2968 16
9735 17
3142 21
4360 31
9741 33
6799 4
3151 36
6122 21
8306 38
4386 18
1351 34
8715 18
5550 33
8798 3
7174 7
7249 4
9864 9
9953 6
1979 6
158 14
4078 17
9891 30
3220 32
8362 37
7735 8
7427 12
9196 16
8274 24
2428 40
1912 3
184 13
3574 28
288 18
2805 14
7008 27
482 23
2283 7
6703 8
25 25
6057 19
1166 17
5829 23
4214 12
2987 15
7479 13
6733 39
8318 32
2085 36
6869 35
4289 27
7649 20
194 29
6566 6
7062 19
3998 28
2240 8
1190 29
9728 31
9810 22
3880 9
7672 8
1437 33
3693 24
6355 10
8756 29
4020 29
4831 6
6688 32
4777 5
5776 8
5953 27
5208 10
4214 8
2418 9
5443 17
3551 9
9467 33
5032 25
4172 25
8152 18
1440 6
8445 8
8457 7
5629 3
4551 27
5216 16
4001 29
7557 4
9222 8
8689 28
3459 7
3194 12
6474 36
5950 39
3893 24
3699 31
6660 35
8500 4
1887 10
6267 22
7615 27
3265 24
9191 39
9727 35
7961 5
1112 38
9503 34
8683 14
5875 28
243 5
5279 23
6571 34
7751 24
9507 31
9686 16
7734 35
2902 37
1248 33
3490 31
8024 22
7704 40
6683 36
1707 39
4100 7
1829 16
4018 33
3518 9
2488 4
6579 17
9267 7
3403 18
5460 11
5846 29
5643 17
4932 40
5603 19
6190 17
1472 29
1947 10
1660 35
6933 6
75 22
9442 23
4220 16
6631 33
216 4
5583 38
1974 19
1668 14
5313 26
1928 7
9306 29
4570 40
780 20
5182 28
1946 10
2921 40
6620 23
5988 15
1557 13
3980 19
6284 30
6252 27
8605 33
8963 11
9611 15
1598 26
9095 15
3716 38
7072 33
761 23
3738 26
2433 40
1444 25
6389 30
6874 18
8896 40
3380 37
5259 11
118 34
2917 33
7075 37
9415 9
1635 22
4516 21
9969 12
2173 18
6427 29
9224 9
3677 35
8292 30
3473 20
2073 14
151 23
7193 35
2027 39
9641 31
6278 40
1763 34
848 25
1043 21
9025 18
8994 21
6003 33
5955 39
3255 23
7948 24
1811 20
7940 34
7820 33
7503 38
2411 30
5473 15
5295 30
6952 10
9450 15
6804 8
9801 37
5873 33
7346 5
7532 21
6338 6
6939 31
2284 25
7604 6
3317 14
1010 32
9949 12
801 7
9700 13
5439 28
2691 8
2929 30
8523 23
2104 36
9358 36
2555 35
5010 8
7863 13
6502 9
7531 24
9160 34
4696 36
5413 34
8914 5
7066 38
1135 7
3340 5
1976 33
7528 5
1303 23
9159 19
2362 37
3125 4
5031 31
4847 25
5835 35
8042 21
6811 30
7036 17
9542 4
6018 8
3350 15
9405 22
3928 5
4278 35
6437 26
4654 31
8810 21
3818 5
14 10
7854 17
5821 7
7544 31
8207 33
1988 30
7630 32
590 31
335 21
5369 34
8452 27
8489 7
7017 24
1575 16
8701 26
8532 28
3482 30
1847 26
2429 34
6807 36
7958 20
1047 14
6007 3
3512 28
1767 30
8482 18
6127 38
4416 38
782 5
6595 32
7155 40
4090 12
1519 19
2531 16
732 28
7622 14
4484 12
9113 7
8432 10
2259 20
7313 38
331 9
1838 3
7782 29
3259 20
3227 16
2317 11
2845 40
3272 14
7974 11
4091 7
8327 11
3650 39
2613 3
5949 38
1893 18
3132 13
8380 22
4948 11
7566 31
8246 11
5480 10
916 19
6076 12
9938 9
7618 28
2920 23
8920 4
9320 9
1490 14
6465 17
1988 31
9055 6
7915 10
6206 24
9152 29
9793 34
308 36
6640 20
9176 9
9086 24
4283 5
9434 25
3543 7
889 38
1975 10
4112 25
481 34
6367 36
1887 6
3592 22
6053 12
324 30
4356 35
204 39
9926 36
4533 25
6314 19
7239 17
3762 9
5903 9
3705 12
7692 6
7582 33
4393 31
7345 33
5233 21
5142 29
7257 3
8555 39
9775 7
5625 38
6170 14
5252 20
5180 6
5448 25
3549 23
9078 31
5164 28
726 17
5477 27
4808 23
4046 39
5677 16
6188 15
8560 10
5789 12
3082 6
5689 29
4083 27
574 30
7164 33
8871 12
6867 36
5099 5
17 40
8562 22
828 24
7861 23
545 21
6637 14
6487 35
1524 25
5682 39
3626 28
8408 21
788 25
3112 28
3793 26
5026 25
7742 24
4665 3
263 21
1081 6
634 3
1281 5
5285 9
6936 8
5529 40
2359 31
872 16
9164 30
7225 27
9927 40
8669 4
5529 36
3285 25
4112 6
4781 29
2320 36
4330 18
6405 32
977 3
6037 4
1101 15
8506 36
7303 13
1731 12
3140 25
3476 4
4078 40
7369 12
1587 19
665 10
3086 28
148 17
923 19
506 15
8966 32
9536 7
1784 10
5432 30
675 35
375 11
6182 40
4289 22
7184 13
9467 35
3387 34
1148 38
6647 27
6830 28
9300 26
8038 13
6798 7
2043 17
9340 38
9436 14
6373 17
6346 31
9280 5
4671 7
5517 13
9525 35
5106 18
9703 14
2087 14
6174 34
9883 25
3716 39
8440 31
6658 18
3310 36
5296 15
9435 13
4511 7
5857 15
1179 17
3531 32
7286 4
2698 6
1386 5
521 37
2171 31
1069 37
53 24
2488 14
9952 4
1537 18
637 27
2578 12
2840 28
6670 35
4779 31
1555 27
9531 24
4744 27
6874 23
9963 17
9991 11
4891 21
5784 6
1837 27
3983 21
9093 23
8792 11
6733 31
403 21
729 39
4970 23
5221 34
3821 22
1357 39
8865 34
1133 3
1540 12
9493 26
1009 21
3359 39
7769 26
8841 22
6516 29
8143 32
6049 8
8033 36
6358 39
370 6
8881 17
7388 6
8275 17
8212 6
8537 15
5299 34
7610 8
1602 15
1908 3
2446 30
3772 31
2345 13
7648 4
9687 20
7903 19
206 6
9101 15
3713 25
7434 17
9572 29
6667 13
9971 26
3262 33
7778 32
9671 8
1432 16
4331 29
9573 16
1548 9
3363 15
4708 39
5964 15
8858 38
408 33
7192 29
9595 18
4818 10
9310 7
493 19
2177 32
6827 13
5175 30
9204 30
4572 40
8490 36
1861 16
8959 18
2963 26
6674 36
5641 35
4348 15
8636 10
5609 36
5453 25
676 26
6593 23
525 28
4700 21
9625 36
4963 9
6431 26
4101 10
237 16
3780 27
4559 20
4640 28
4400 7
236 10
1053 7
8971 9
4574 15
4717 30
1501 32
2068 21
5367 4
4158 5
5641 25
8855 8
4582 37
6579 16
5939 24
7351 28
4257 19
2711 36
7179 36
1666 17
7150 14
8243 9
1632 36
213 22
3140 29
7687 38
4875 5
5841 4
182 8
4843 11
3678 37
2178 39
9254 17
8523 17
9429 18
244 3
2529 23
3667 37
869 7
6020 22
4641 26
4066 9
7285 31
5688 22
2061 35
7833 5
1956 4
9131 16
645 27
6783 16
5304 38
4696 40
2779 36
4241 3
6193 4
3156 25
8720 33
4048 29
6367 40
8017 4
7165 28
3855 35
8010 9
2684 35
4227 34
6236 27
9679 3
2151 40
7388 18
9656 38
4082 32
1380 18
7559 8
8691 21
9446 6
1323 12
6034 21
7609 25
3307 22
7743 25
7964 23
4076 13
8021 21
5130 13
4000 26
5490 36
6179 11
537 20
3812 15
9985 17
7401 33
6510 35
4197 37
1275 5
716 7
6822 39
6581 7
1883 7
7265 24
2286 31
536 18
4687 25
5172 25
760 22
6169 16
3518 35
5049 27
5810 36
4000 11
5286 8
5680 38
748 10
1222 13
9389 19
7997 22
2667 34
2778 5
4388 35
2294 20
9666 25
1355 24
7140 38
5985 12
4341 24
1761 7
8512 26
3219 29
725 8
4206 27
2729 20
4275 17
6082 35
5894 19
5459 13
1969 21
7249 20
1898 33
2832 8
1308 28
4043 20
3804 17
8118 10
1055 12
4401 14
2557 35
7125 30
2026 12
700 6
6062 39
1032 21
3234 11
5601 33
4805 38
3319 4
8380 39
5695 14
3289 18
3734 35
2587 31
9830 5
3670 7
7746 19
9482 20
3778 30
637 13
8986 17
7927 8
9245 28
9498 32
1806 19
9839 23
7115 39
7116 3
3271 17
3218 29
1436 9
1326 38
5617 33
8700 8
1626 12
9514 5
3612 30
3571 35
3128 21
5416 23
6925 16
6554 33
2985 16
7336 24
2787 19
3843 3
654 24
5705 33
6602 35
2895 25
4174 37
3067 34
6715 24
1361 22
7123 23
2810 5
2563 27
2810 28
7641 11
4053 14
5814 32
102 33
3291 39
4525 3
3320 34
4567 29
5611 24
8645 23
1293 14
2703 10
6239 31
8602 31
5347 20
2642 35
6111 38
4203 20
4095 22
3916 23
3212 15
546 13
1751 9
9165 27
1613 38
6221 15
831 16
5526 34
4673 36
7447 18
4822 10
8703 40
5975 16
1804 12
5193 31
5301 9
3930 9
1216 8
3246 9
8677 13
2905 32
8796 30
42 39
3486 3
6448 6
2296 9
3171 40
1516 37
9755 9
8200 39
8574 9
6181 40
1344 12
5711 5
8104 17
8647 27
9191 21
4505 17
4316 5
1333 19
8754 36
3495 10
4087 17
2940 26
5375 25
26 27
2535 18
2403 31
5803 27
2173 24
1282 4
1827 11
2609 36
2222 19
7919 34
6392 32
5252 16
2257 12
8195 17
8124 15
2073 33
8702 36
7042 22
4083 15
8429 26
8147 6
7825 29
7892 38
4335 24
9883 5
690 29
6081 8
5996 29
1835 28
5885 14
3469 7
5487 16
4730 32
9322 35
82 36
5336 8
7796 14
1767 27
3961 14
1022 34
99 27
4407 32
3257 32
1847 22
1757 34
3622 11
3077 6
4454 4
4201 19
6421 37
4018 9
1271 9
3851 22
3456 31
3823 4
975 26
8356 18
9564 32
7537 21
9884 14
6349 4
4113 20
3913 6
1093 33
8645 28
2395 25
3373 3
8538 39
1377 19
8849 12
5164 19
2206 19
3542 34
1836 10
6586 29
1676 31
8967 4
8792 23
3650 6
8904 28
821 17
5353 22
1989 39
9408 19
3249 25
1966 23
1326 40
9832 31
250 20
1139 22
3385 28
1357 9
376 17
4501 17
5512 17
4259 34
8192 32
774 18
284 5
5901 37
1039 26
9682 19
2368 6
2218 30
406 20
5948 40
5863 20
6739 20
915 23
1359 18
8692 40
2743 13
6629 37
7491 35
4557 35
759 9
9378 32
3619 36
6718 32
3781 31
8639 25
410 25
9067 21
956 16
6833 22
7232 22
2205 26
9880 34
4166 6
561 36
6146 17
35 32
4536 13
7214 15
3450 18
1725 23
4443 37
6445 6
2090 10
8197 32
155 5
7640 24
6313 28
5607 16
6047 39
9406 29
3092 10
4440 14
1590 39
1791 17
949 23
8950 9
3347 15
7473 32
7143 28
1161 19
1484 19
3365 13
8723 13
1299 22
6061 24
4563 24
1084 29
9727 26
4299 30
1876 5
3626 25
879 6
6035 11
8282 9
8574 35
3176 34
637 12
7095 36
9309 10
3792 27
7250 27
7021 4
9916 16
3115 27
2183 28
2679 18
3923 15
7482 18
5816 4
4670 29
6381 38
3112 23
3355 39
1904 40
1557 21
6462 20
4282 36
102 5
7163 27
3443 24
5296 34
939 22
3367 9
2685 5
699 25
74 29
8813 32
3365 40
5011 30
2681 36
769 19
631 39
2734 39
9957 24
6271 18
5825 36
2964 19
2993 8
592 6
751 30
2765 40
8223 5
7878 29
5952 32
1853 28
140 6
6016 6
949 37
8864 15
5281 24
5366 30
5841 14
4246 6
3579 13
868 15
313 32
119 25
4995 37
8000 11
8993 12
8959 40
962 16
4558 27
4570 23
1864 28
8900 23
7233 17
8636 9
663 34
2437 32
6558 28
4860 10
7783 7
6990 40
2489 35
3985 16
7759 15
6525 31
5972 6
9210 39
7068 19
49 20
5574 39
5960 38
4697 28
430 12
4791 3
3533 40
4583 38
1459 14
2066 36
7063 20
7698 27
9179 27
8441 33
5519 11
7105 34
4296 7
2334 34
5458 33
9597 31
9520 34
3149 25
5619 19
1740 40
2569 20
6501 34
2797 9
5910 11
210 12
7026 5
6348 33
6224 22
3797 38
9315 11
437 4
8148 18
8458 14
3257 31
8600 29
3169 31
2095 34
945 17
3723 25
9116 12
8973 6
1287 36
7270 27
95 22
6667 35
7493 24
7933 16
199 40
15 24
2193 24
1223 31
9821 24
1192 40
2574 22
7255 22
1811 9
8190 4
5926 21
2022 5
3801 11
5744 38
127 23
1639 21
299 33
8131 14
9356 35
8245 31
1511 36
197 7
842 16
9180 14
9206 36
1144 16
7589 24
2125 4
682 30
44 40
2787 7
6254 34
8674 27
9783 31
7117 13
2815 39
8457 6
4148 35
7541 5
3766 17
511 31
8083 37
9296 3
555 33
6583 15
5195 24
5234 12
7541 38
1803 8
5493 33
3421 39
561 23
8387 20
6913 25
5986 26
7884 20
1886 34
9841 29
5436 21
8035 10
9498 22
8040 5
1876 17
6716 25
787 21
8991 20
1788 14
5832 15
3006 40
1352 17
7793 17
5805 40
2957 40
9790 37
6382 36
5945 26
1756 36
8259 22
2570 29
4049 32
4693 29
1223 36
5959 23
497 19
9573 9
2291 38
9849 36
8345 12
6779 25
5839 6
8983 20
797 26
4242 38
6166 6
4179 20
4267 23
1690 9
143 10
6543 21
1923 15
1801 37
1087 36
3748 38
6920 25
7792 27
9757 10
4264 38
3745 30
6964 10
4771 39
4038 21
9086 28
4489 34
6998 8
5097 25
8342 40
9956 4
295 3
4056 34
7598 19
3447 30
1717 4
3335 30
477 16
4280 40
1837 37
8275 13
3505 26
912 23
6985 6
9400 3
2990 24
7133 17
8064 7
1443 35
2889 40
7347 34
3226 4
3109 27
407 35
5168 14
2682 4
6863 35
5071 21
2827 20
1047 39
2038 25
5539 40
6899 23
2865 8
1839 15
8878 13
3345 4
9545 21
7413 5
858 5
5138 7
2522 39
9351 28
822 40
6953 30
9941 24
1653 37
1170 27
3149 16
8387 31
7533 8
1336 17
4722 27
9270 37
9601 28
1542 16
1692 25
7189 29
8232 37
3456 18
1550 17
711 28
498 37
2980 11
4095 29
9306 19
5715 7
1559 5
708 25
3576 21
606 31
645 13
3419 36
2652 4
6898 32
8841 32
6563 12
1184 8
7443 35
8270 19
9682 40
7410 33
4864 4
259 18
9538 19
6035 23
7771 21
6970 25
3815 35
2460 4
6742 29
3203 20
8094 24
2499 21
956 6
2920 31
5317 30
2573 23
4290 17
4860 30
157 21
3426 21
7207 13
5126 40
1021 25
782 30
1971 28
9292 17
9034 34
2029 28
3 4
9087 21
8541 25
4609 34
7685 39
2182 23
175 3
4681 3
7713 22
5275 33
2603 19
1334 40
9269 31
1115 8
4163 32
6882 6
3438 5
2872 25
3425 9
9489 30
3414 28
4865 16
6348 32
4382 31
1019 11
5608 35
8656 9
1690 10
1302 29
2979 20
6269 31
5734 33
9830 31
9405 19
2765 13
4302 6
9187 26
2048 12
3679 33
9832 21
2994 39
3593 27
469 5
4666 5
8280 18
3571 6
6096 13
2517 38
8029 36
9993 39
8969 27
4132 11
1233 5
4444 36
3874 26
5614 17
4549 29
562 35
6867 4
2248 18
7438 27
2707 30
3125 29
8915 29
4514 20
8240 38
4336 35
2994 35
7680 35
2105 26
4127 12
8640 22
9941 5
3267 40
3149 11
6725 36
4940 24
4609 19
2819 17
3291 29
512 25
3740 11
9031 21
1330 22
4445 24
3861 31
4364 28
2710 27
773 29
2510 17
3043 5
9172 16
6264 33
1920 29
673 23
4635 5
9576 28
6754 33
4388 3
2503 15
4083 26
1216 20
4986 10
8646 40
4732 8
360 23
5225 34
9774 15
6767 21
3840 17
6158 12
3087 12
1392 18
9052 11
3554 4
5905 15
7841 10
4093 16
6878 8
721 19
1499 4
1272 32
9109 34
9741 26
8681 30
4099 16
366 26
7176 19
4736 27
7482 30
3904 24
7698 22
6413 22
2234 29
8607 31
1813 37
4813 35
7261 36
3886 20
605 15
2662 15
5407 10
9016 16
2679 7
8603 38
1652 13
702 18
5137 36
8557 35
1411 38
8067 11
5917 21
31 30
9731 7
7685 38
1938 33
9294 28
5282 36
5680 29
3549 28
1619 29
7052 40
8104 15
4116 3
3391 23
1433 18
8683 33
3828 40
4145 21
1262 3
5098 39
3623 34
928 30
8315 18
1406 8
4249 27
6575 28
364 33
3541 27
2532 3
9602 28
8336 6
2244 19
2928 18
9589 18
4132 23
3221 38
8109 27
1769 35
775 25
4432 39
5454 36
4644 21
4071 5
4937 37
1250 3
9212 12
6495 29
5127 20
7810 40
1956 18
3509 29
728 36
9419 40
9422 28
5306 9
2594 12
6953 24
2787 21
5864 10
684 22
6087 39
707 26
718 28
3451 16
2775 28
7976 29
6633 3
8506 8
7404 31
1077 30
5462 40
8950 10
6211 24
6155 14
6516 14
7264 6
690 23
9549 30
198 29
1590 6
3616 26
793 6
7019 14
2100 16
9688 11
8650 40
5266 19
7086 24
7382 8
7304 26
2877 25
2830 38
9670 19
2152 19
1387 27
4609 23
9954 37
4141 19
9828 37
3874 34
6499 3
406 29
2610 19
6887 31
8811 15
8610 8
8786 35
8239 22
961 14
3381 24
6720 15
1955 24
5732 39
1805 16
5382 24
8783 3
5014 27
3928 30
6781 39
2430 39
265 6
3742 8
6465 19
7645 9
7791 34
8956 5
3305 26
7410 21
5266 30
7199 15
6547 24
2343 25
7185 21
2264 35
5970 22
935 26
2992 30
7278 17
5323 14
6072 35
6598 32
7330 33
8249 28
8872 3
6947 27
3748 11
4602 17
9299 34
179 15
5024 40
4504 39
6156 40
1624 17
6221 35
2463 11
5958 37
6315 4
2136 29
6185 36
796 8
9155 31
838 13
3309 22
4692 20
5843 10
3148 26
7999 11
8681 12
8619 15
7062 7
9600 15
2229 10
3294 37
3352 9
1819 32
3221 6
3377 9
172 4
279 12
932 16
1472 14
9062 8
1962 23
4598 5
7541 25
2520 20
8996 6
3221 40
6172 22
3193 4
8274 8
132 15
7922 26
1849 28
6095 31
3062 40
117 29
2101 18
9610 11
6328 37
7061 31
160 4
9666 9
8277 25
7644 23
2525 27
5066 28
8013 15
5870 33
3041 31
5432 6
9636 8
5790 22
3664 38
6312 13
834 40
8721 24
7748 24
9765 30
5124 14
7356 15
3490 38
8427 10
7704 38
8380 21
6224 13
2389 33
1246 9
1506 14
6782 4
3799 39
7148 29
7247 38
3620 7
6058 25
1728 9
6978 34
4700 34
8600 10
3685 37
2571 40
2291 30
7004 27
9381 20
1065 33
6310 33
3167 6
8533 37
2588 35
5888 29
5153 7
1533 39
786 8
8854 32
4473 17
3476 23
2011 4
8093 35
2444 8
9001 13
6903 13
729 38
4725 29
7127 28
3094 38
8534 21
6626 18
2829 35
2430 32
8492 23
9881 15
8949 40
4270 16
7424 26
9963 7
5258 25
8055 27
1449 39
6106 19
2024 17
3901 8
7535 13
1094 13
2681 8
1622 27
9236 6
5258 22
7448 9
7774 7
3386 39
1298 34
92 3
8009 10
9829 19
8827 25
2290 24
2254 40
5525 22
3820 12
4447 14
5334 22
5933 25
5096 7
9209 26
1852 22
9885 19
3976 32
4827 13
440 22
3051 7
4004 5
2933 40
9450 23
74 14
358 15
2375 32
9178 34
604 25
9675 12
3543 16
2158 20
4533 17
2473 40
3042 32
5313 25
3916 17
1483 12
6972 11
415 5
624 17
1326 16
9187 22
2559 20
8899 39
1621 24
907 36
3441 37
5179 33
8886 31
5919 28
8784 33
7164 34
1008 16
3894 25
3720 21
4857 18
5373 19
7168 25
1012 33
5142 25
2287 13
266 37
6584 29
8840 14
1810 17
8877 28
3716 8
2567 13
4036 10
3809 34
733 29
9761 16
4457 17
2118 19
3464 24
746 3
7828 19
2444 15
8893 14
5755 5
1898 17
8064 10
1016 15
3339 9
791 37
310 31
6761 13
8642 4
6936 10
3756 39
932 22
266 39
2719 34
5130 9
522 28
9748 18
3374 25
3982 6
8641 27
842 25
3826 14
5666 24
4018 36
3199 30
2609 18
4145 36
9708 37
9871 7
2257 25
4386 39
9325 21
8461 14
4433 14
9784 27
8259 17
131 13
4582 9
8433 31
6459 6
9758 40
3874 22
3786 34
3962 4
6907 39
2075 34
8196 34
4458 35
9608 21
3061 37
5553 35
6909 10
44 11
8778 34
9783 38
1180 20
9267 32
472 29
3674 14
6947 12
1045 24
8314 14
1395 37
7130 34
5374 29
2555 36
7518 15
5815 23
1362 10
9550 22
556 13
5310 10
3105 33
9491 32
7561 12
9168 12
144 31
7196 26
8394 20
7750 35
6570 35
2233 28
2465 4
2516 33
8648 11
5564 30
4892 35
4200 36
1569 3
1360 33
5383 5
109 4
4419 18
8944 38
8024 7
7676 14
725 37
3161 35
1536 37
6370 14
5056 31
1549 6
4372 37
1280 12
6891 3
5834 32
4749 36
1872 9
7847 20
39 5
1326 3
8036 39
7285 32
3896 28
7810 10
5525 23
5772 30
8751 30
1071 27
2043 12
7204 31
5847 36
8499 38
7469 13
6433 19
7878 20
8765 11
2900 16
8708 33
5379 13
4094 12
5876 23
7827 38
4010 26
2827 12
5001 13
1940 11
5869 4
3529 26
77 20
2404 19
9099 9
7434 29
6309 13
2612 9
8293 6
4699 31
7914 16
5775 5
6231 24
2465 31
6447 24
3417 3
3425 15
1716 24
5722 5
6776 10
1023 12
2828 11
8694 30
5947 4
5336 15
7100 8
1036 19
9777 24
7580 30
5385 4
2935 10
4340 17
15 17
6236 33
2865 29
7290 30
7510 24
7349 23
8150 6
7670 12
2487 19
4735 9
3823 6
4903 39
115 37
1894 34
6721 38
5279 17
2498 16
3122 8
7360 8
9999 35
2551 20
5306 29
9222 27
9521 40
4927 31
9536 34
2481 25
2775 3
4140 23
5204 13
7457 16
6017 8
4272 20
3869 35
3153 21
1035 19
9915 29
4414 25
604 30
9879 36
9538 27
4728 37
3477 4
3529 7
9936 10
3707 3
7175 35
5261 37
2917 37
2969 36
3255 16
9397 11
4090 22
1840 4
8837 17
5102 3
5644 34
2347 3
165 10
3718 11
1082 12
8058 38
6267 11
3359 25
423 23
4264 6
5434 26
3845 10
9077 30
7765 31
5241 30
956 14
8531 11
8480 17
6112 18
8571 37
3475 12
9342 5
6542 27
8660 32
6115 27
5021 11
5754 39
5443 29
1187 18
9585 36
6456 32
1365 13
1149 29
5668 11
1061 14
7239 38
7560 32
5786 40
7752 18
8685 22
2153 7
2815 29
5936 28
5899 7
3581 21
3584 40
8337 6
438 40
4025 21
8719 11
8522 35
964 26
3306 15
8999 23
110 6
7018 13
1868 36
2351 14
3966 8
7285 12
6195 33
9145 21
5150 4
6437 40
1388 6
115 31
2808 30
4577 24
2492 32
747 21
9649 39
8462 17
4907 33
8049 36
8115 23
8956 35
3337 18
5883 17
4010 36
6488 30
1820 36
8079 19
9476 30
9023 5
6280 26
287 37
9116 35
2737 32
8614 27
2890 16
7106 21
5015 40
8147 14
6032 20
3966 38
389 8
7722 10
4318 17
8885 26
3259 31
5315 31
4880 6
2377 5
5975 25
9266 29
4028 40
5087 15
5733 16
8924 8
1137 28
7767 25
4665 33
3983 18
3135 26
8342 6
8210 25
3070 35
1094 28
1586 31
950 25
2806 19
8983 10
6087 18
9018 5
2695 35
4993 36
780 7
9506 40
90 26
36 13
6701 25
1137 12
3591 23
8200 12
7977 21
6434 5
1129 5
4054 32
8051 27
3278 5
5613 25
6735 11
610 15
1867 5
5841 20
4715 4
1041 39
560 10
8544 34
5153 25
8121 14
5977 23
8293 22
2318 8
6906 30
8817 3
1728 21
3405 28
6697 37
7870 7
6143 38
730 19
3679 21
5850 14
7698 33
3993 13
8074 19
4582 15
8638 15
5306 37
3374 40
1390 39
7568 14
6614 10
2021 20
2425 9
4141 11
5491 8
5960 30
5420 28
9282 23
9485 7
8786 38
7401 40
9988 19
4145 11
4127 19
5208 40
9812 29
4475 14
4202 40
8012 5
8616 26
7786 36
1065 20
5315 5
1111 33
5062 19
6927 31
8822 21
9330 17
2830 23
3720 23
7447 3
7979 23
7314 9
907 19
492 40
6053 33
4199 21
5813 25
621 38
3902 26
9916 35
7031 40
3774 4
3061 17
713 16
1113 30
5093 37
5842 35
7690 16
9212 14
6778 28
564 13
311 36
152 38
3400 16
759 4
7497 32
2219 40
2778 15
9221 34
8261 15
771 18
3481 11
8214 25
5221 7
4860 8
8478 5
6382 19
5001 16
1219 10
6772 33
2411 12
8275 38
3918 12
8285 7
1510 26
6576 25
3410 28
2145 3
9267 8
996 27
457 31
4502 34
7746 12
8214 10
9304 15
9794 14
229 39
2461 20
4878 31
1273 23
3663 27
1949 10
5404 6
1388 33
9841 3
628 30
6007 22
7221 14
8904 37
6686 8
5700 25
7558 39
7555 37
9973 5
9701 26
1029 29
458 9
1633 17
5076 10
4200 10
2958 37
5344 34
5976 24
6588 8
2386 17
8680 12
25 40
245 21
7412 19
1041 36
1259 20
2680 39
65 36
5616 33
9538 20
7427 17
2654 23
9695 38
3323 35
593 36
8471 14
1195 13
9384 11
9870 10
9357 24
7587 7
687 19
9620 21
8089 12
9119 13
3531 6
419 32
3732 16
3640 36
2746 31
7820 20
1850 14
7242 17
1623 18
6955 38
1156 15
3945 6
3455 24
1635 36
7433 39
8178 22
4494 17
1878 16
7853 5
7682 3
6620 31
169 16
1722 34
683 14
2812 20
516 9
2455 8
8708 29
7888 28
6294 20
4536 33
9976 22
5290 13
2510 27
811 21
8694 29
4343 27
6284 23
6464 27
1250 6
7699 30
4746 27
346 38
9678 11
9760 6
9062 38
4942 3
8535 10
8245 19
7327 27
5329 8
9586 8
554 24
9883 23
2185 34
7232 35
5921 3
28 7
8406 16
3561 5
1495 21
2844 7
5415 29
9536 14
2561 22
1674 7
5567 4
3193 29
1247 29
3946 40
1952 32
886 7
102 11
4000 20
4746 3
5848 38
1268 27
7418 11
9926 40
4110 19
9272 26
9967 13
442 19
9903 38
4684 6
6296 40
5780 7
7639 27
1183 38
7348 27
1051 28
1157 8
7461 8
5004 11
5972 33
7596 16
9024 21
5383 38
4538 9
264 39
2363 21
2653 31
7285 11
1527 32
3745 15
813 39
5017 29
1819 15
2844 25
9372 10
2521 36
8280 28
3860 34
3799 37
9620 12
9947 40
4345 22
1111 40
6170 8
9393 20
7215 12
5161 16
6424 19
5507 6
2037 34
3447 16
4769 33
3064 13
4156 3
8417 12
1412 35
477 14
4224 12
4594 14
2180 11
5062 34
6684 26
9267 16
6581 5
7265 32
610 12
4054 6
4185 3
5723 29
7015 16
2600 40
4096 17
5405 38
4545 38
8049 7
2143 26
8224 11
4405 24
4187 33
1748 20
1808 32
7612 23
9185 13
3308 13
1980 21
4680 8
5268 11
9306 6
3039 16
2769 5
4526 37
8827 19
8117 20
302 16
5646 27
1083 13
5331 26
5325 35
287 10
3671 4
3585 12
5757 16
1847 13
8203 6
2342 37
8309 5
6234 29
4532 40
4791 33
6236 20
5755 14
8283 7
5556 18
8501 23
3955 7
5941 8
8264 17
2661 23
4421 24
6157 8
61 20
5782 28
7375 26
629 4
8348 18
8557 19
6816 38
9777 35
8547 16
4676 13
3675 40
2303 38
4124 9
783 30
6012 31
414 12
1307 11
3516 28
4050 22
924 4
4748 29
4202 14
8127 29
3787 12
5672 22
4380 37
9153 8
2958 31
805 39
3607 23
9262 13
7307 27
2629 9
6770 25
7566 19
9925 23
6900 11
8003 5
6288 13
2238 10
6740 37
7201 10
8112 19
8523 18
8265 27
210 5
9191 30
6117 36
3457 24
9735 37
1200 30
4511 3
6000 18
5700 31
9302 34
5542 38
7171 11
5104 34
78 34
7357 22
4356 23
4632 33
4102 40
9781 3
2259 18
270 24
95 33
5096 38
5012 17
5800 32
6057 10
5707 10
4984 6
7507 6
2590 39
9506 36
8353 30
1998 29
4438 40
1732 17
8295 18
8891 31
5463 11
8585 28
3267 15
8023 34
5022 28
4879 40
4494 23
6027 29
2346 39
255 21
6791 19
8841 19
8257 3
4315 24
9346 10
2118 20
4870 16
2721 6
9459 18
6900 10
3487 23
2925 36
9055 40
476 4
3479 38
9801 20
5015 17
1320 30
1617 31
3333 9
2257 26
1931 8
7202 27
9910 9
2227 34
7698 37
2015 15
5690 13
5805 18
127 20
8064 26
8379 9
8229 31
6379 8
3880 15
905 13
115 23
8470 35
3582 17
8485 33
5337 7
4470 39
9030 5
9629 30
3143 21
4390 30
3251 36
1377 23
7176 23
8312 39
663 32
4806 38
5777 37
2041 13
8848 33
9504 16
389 13
1745 18
2278 38
8732 9
1118 10
4190 26
34 12
9358 22
9013 23
799 38
7554 21
44 22
1386 7
1458 27
1813 26
1782 15
1397 13
6346 9
4616 38
1607 11
1528 13
3043 33
9366 23
7594 31
3985 32
3093 13
8729 7
8874 6
4847 15
5202 14
9758 39
5074 39
1200 36
1651 28
1650 35
4643 29
3937 13
889 24
2179 17
7461 32
6740 40
4931 32
3754 17
7597 39
2037 9
9719 35
8928 15
6779 6
6584 33
4966 29
3328 5
6766 17
1377 9
194 17
1949 22
8246 8
2186 32
1104 3
8843 25
6650 27
9490 33
3057 16
2242 16
6619 19
1102 30
3311 39
6632 20
9504 27
2447 11
2457 39
409 20
939 13
6020 27
1233 15
1642 18
6050 33
1450 38
1421 20
6051 20
8353 9
8167 24
4850 25
4411 19
4274 8
7896 22
1543 20
6956 16
8311 21
9004 22
291 36
2552 18
649 27
38 31
6351 7
6269 16
9634 3
2103 14
819 21
4736 23
1510 27
1711 34
4937 12
5356 23
4288 40
3432 23
287 4
8338 33
4744 7
3820 29
3004 40
4271 13
5199 18
9496 14
8812 9
3815 37
619 31
1039 22
8673 35
225 6
7808 17
9686 9
9384 39
5152 22
5853 23
6039 26
9655 12
4101 3
865 11
3572 19
7890 6
4981 11
180 21
8838 5
1947 32
8340 32
4105 28
3681 16
979 15
5951 15
2162 27
9326 6
9981 27
4141 39
5162 12
8194 17
7504 25
2536 25
8315 31
3547 11
4617 40
4363 10
1427 33
3680 39
3174 20
936 16
9128 4
5950 38
1764 31
5731 9
5140 29
212 35
139 39
4779 17
6011 29
3509 15
1574 20
3448 4
8233 39
1076 31
6541 21
969 21
7679 28
2081 31
5691 37
3669 29
8542 38
8289 9
1574 35
8896 38
4415 27
5972 21
8164 21
2482 21
4129 34
8103 23
6695 28
3453 37
7526 8
5622 24
7332 3
5360 23
2062 10
6859 21
739 9
5029 27
2986 10
920 39
490 29
8583 4
3852 33
9515 34
5159 7
6820 15
265 17
1150 20
7971 15
4176 35
9364 22
70 21
7246 23
8121 7
3325 33
1540 10
3025 6
1285 19
7297 34
429 31
7477 9
5379 21
7785 25
6089 8
2422 23
4056 36
583 33
4810 28
7755 27
597 34
3451 9
2667 21
9648 24
8519 32
8874 27
7537 19
5968 11
8565 22
3656 12
3293 38
7895 26
5906 30
4982 14
173 29
1212 22
58 11
5666 4
4277 37
7324 34
7340 35
3479 31
1416 10
3814 20
2852 19
7833 20
2269 4
6444 31
4868 35
362 29
1795 25
3140 10
5679 35
8682 31
5031 25
6370 18
7413 10
8322 33
807 21
8217 9
3702 36
8335 11
3985 28
2626 25
378 25
5574 15
323 36
3340 31
6325 6
125 29
671 17
9795 5
4649 37
2821 6
4704 24
6551 25
4896 3
3076 10
8059 38
9418 26
6053 31
6388 18
3006 34
3590 31
2043 24
7422 40
7033 33
4299 28
4415 4
7126 30
26 34
9115 25
229 10
3552 5
4984 13
1802 5
4412 11
6943 10
7024 18
442 16
8612 39
8618 8
591 9
7644 29
8995 17
8840 21
7818 12
6463 22
4035 22
8624 36
3867 37
8113 8
7622 12
5982 16
2150 17
7362 17
7704 34
1027 37
2092 5
2900 10
4299 25
9432 29
7458 14
6201 26
6562 18
2962 23
7444 4
288 14
4199 11
8981 33
6231 30
9235 11
2734 24
3984 4
2375 19
685 10
3979 13
5046 20
9327 32
5560 4
8796 20
5054 15
8736 24
4231 3
8368 24
6889 25
2997 35
9715 33
5667 6
3008 18
1892 11
4551 18
3230 40
3360 24
703 17
6280 24
9566 17
2492 14
5636 9
1694 22
2876 24
438 23
5682 10
4620 39
4074 13
6406 17
2212 27
1869 26
3065 13
6602 20
5660 3
9182 12
3813 12
9742 14
4005 9
620 12
6597 14
5214 5
1277 16
4481 5
7126 10
5393 24
6782 24
1625 19
1231 17
8014 31
9862 12
2895 15
8933 10
3366 3
3112 16
2394 19
6778 13
8319 21
582 5
1222 9
74 27
2169 15
50 15
8844 29
1747 9
8886 26
9585 12
8361 9
8410 33
8003 22
411 32
9297 5
1040 8
2983 28
1769 36
8943 26
3080 27
6953 13
6518 8
197 33
5467 20
8274 18
1667 7
9477 30
8031 33
2905 21
395 14
376 19
5933 26
7750 14
8548 26
3696 8
4599 33
8179 30
7355 23
5920 16
735 39
5355 7
8417 32
8307 12
2864 11
8701 22
460 11
9959 4
6574 26
3479 37
4661 20
5474 37
165 25
2621 30
4802 9
4202 7
1508 4
6258 11
5658 26
7593 14
7908 35
1622 19
9476 12
4147 11
3232 10
7521 27
4912 38
8132 25
5026 32
2515 33
601 31
1741 23
7582 28
618 12
8505 20
2702 23
2989 27
6155 3
957 21
2830 37
6921 34
9859 11
501 13
4331 13
9219 17
1284 4
4787 7
8608 35
618 27
1181 20
4938 35
8757 32
552 7
4206 35
3123 27
4764 20
2740 38
1525 13
4891 14
8938 20
3736 19
7369 28
2263 31
2070 12
4115 6
3667 11
3248 25
6333 31
5249 36
5940 18
7952 24
1792 31
6137 32
9639 17
9037 11
1474 3
7520 39
9539 14
1012 25
4532 20
6003 17
2748 11
4371 26
576 16
8239 6
1916 6
1234 5
987 22
6143 39
50 6
1336 21
6180 10
149 36
6077 20
9372 8
7901 25
4210 30
3198 8
2289 39
9345 27
8534 25
5443 37
1034 6
6369 22
8574 25
8359 17
683 8
5635 7
3816 33
7020 21
7575 12
1006 39
4047 4
1280 3
2661 17
2750 27
3079 33
3164 3
3328 24
7031 11
7235 27
3973 25
9681 19
508 32
5998 8
3041 17
6315 34
5383 20
3995 38
932 39
941 30
6257 16
6453 40
1739 28
6601 4
9846 11
3956 19
2910 26
6979 25
1088 7
5232 18
4904 23
7318 9
1087 30
9732 26
5864 8
6769 28
5389 28
3023 37
9350 34
4607 24
7338 36
730 39
2033 34
54 16
6155 33
9257 26
2283 30
7393 12
9959 32
5621 18
3975 33
3267 11
5929 4
4587 20
4357 33
9997 39
2770 38
9688 28
5162 4
9517 11
509 37
1020 25
4532 38
6976 5
5917 19
3311 11
9138 7
8997 40
8952 30
2409 35
4671 23
3402 12
9942 17
9881 34
7014 4
6880 37
1822 21
4803 16
6023 9
96 25
471 7
1746 5
2741 10
9548 14
2665 22
5578 17
1387 15
3386 35
3023 22
705 23
5027 10
2181 29
63 7
2424 39
873 15
7410 4
7428 25
1098 20
3298 33
6708 4
1019 27
4112 34
9700 18
6373 39
8698 28
3671 33
427 15
6771 17
2791 8
7763 39
5111 7
5479 9
7751 9
4143 38
2219 22
7353 40
4554 26
262 16
6434 11
8344 13
3298 36
7266 19
7419 7
9678 27
1539 3
9440 19
7619 10
9915 4
5580 20
4380 4
5747 6
1026 24
8516 5
6739 10
3688 24
3615 40
9142 21
260 23
961 35
6511 9
4346 39
1354 18
9007 25
976 5
7610 37
75 4
4231 21
5216 13
9295 22
4988 18
7083 6
6602 14
4640 31
1326 8
1898 23
3509 9
179 26
8305 8
9202 21
6603 15
6095 19
7568 25
3471 28
9564 34
921 10
2092 40
1800 30
6820 4
8477 6
9575 30
3337 8
9356 15
1109 33
4415 6
5617 27
4120 40
8892 17
2015 40
3482 21
250 5
9721 21
8569 7
8461 32
8187 4
4453 8
1495 12
5058 21
3601 20
1704 33
3281 15
6743 19
3026 15
6151 21
16 37
332 27
5874 3
1383 37
2904 16
3044 27
7176 8
5164 37
1100 6
7539 15
2563 37
3582 22
1793 39
9651 24
1899 29
8473 34
9060 30
1535 6
7537 12
2126 32
1876 33
8134 6
2804 31
4760 18
4907 11
3148 6
7489 30
9635 21
2448 25
676 14
9264 30
3741 10
8588 20
7438 29
591 10
890 14
6602 26
8947 12
9533 28
9723 19
9020 31
7637 4
2807 24
1165 14
3580 21
1328 27
1601 21
3256 36
8587 8
8529 17
1093 30
3578 5
7626 10
7384 4
6735 28
6640 17
3494 5
1739 36
5351 20
2631 14
9923 13
4795 4
1349 9
7847 34
8408 38
9914 17
552 18
1108 34
8623 20
8240 5
1031 35
4424 16
5980 28
7199 5
2968 34
9018 33
3485 9
6949 7
8458 15
8447 16
3173 25
937 13
8940 40
6402 18
6141 10
5458 30
6166 20
2056 34
3976 35
193 28
6552 9
9281 9
4142 29
1704 11
7078 24
3794 28
6627 4
352 21
989 26
4693 14
8748 10
4617 16
2940 30
6437 3
1085 32
631 34
8110 30
7728 8
6246 37
5721 13
6958 34
8996 35
3883 16
3396 14
3828 32
6420 25
9078 33
4485 34
3178 5
6054 33
2313 26
9437 25
8291 16
8689 37
5761 29
5677 18
1719 37
9219 39
835 11
2576 3
3024 13
1597 12
4818 40
5825 15
1170 5
7056 29
3429 29
2826 4
7963 24
24 25
2184 5
6959 37
5306 20
4087 25
8003 18
1458 24
7399 6
5574 18
895 20
9421 26
7202 23
7338 32
2215 12
2302 10
6311 38
1802 28
1819 3
8474 39
1525 12
9245 34
7139 37
6847 18
4329 29
6922 33
223 10
5483 26
1645 26
5148 32
6190 7
7148 18
3165 20
6828 25
9566 31
7773 37
5589 14
8757 5
8013 31
9178 21
129 17
5505 30
7142 31
2419 37
5743 13
3404 32
148 35
1453 17
7233 10
8188 12
7425 33
7266 26
4934 40
9020 5
7325 28
2355 38
3666 29
8973 16
6736 30
9271 11
3213 18
8515 32
8548 34
2286 8
6414 38
9797 3
6562 13
5122 33
4521 13
6278 34
5637 15
7623 21
506 14
403 3
2050 8
1943 23
1594 32
4603 12
3818 25
1556 28
3243 3
8392 29
9921 37
320 39
6449 20
5428 19
9986 27
8511 6
6819 36
8616 3
7268 11
7310 10
1020 40
5364 9
6695 31
459 34
5248 10
2346 18
8924 16
6823 38
1835 3
7327 29
9819 24
7132 12
1022 36
7395 21
5363 6
473 10
1382 38
3633 16
9062 23
970 19
455 35
5177 23
9000 11
1139 35
3519 27
5995 37
7804 23
745 22
1082 31
978 29
1725 4
130 8
8542 24
8075 17
256 26
1021 19
2966 18
3583 4
338 33
21 18
3493 13
4195 10
5970 13
4487 16
9880 27
9107 26
3959 33
9324 33
7749 18
3820 14
8811 10
1931 7
9089 10
4453 32
4736 29
2304 21
619 28
3726 30
6830 12
8668 6
1026 7
225 22
5989 34
122 20
4021 20
5128 19
8406 39
24 6
1805 20
9652 8
9760 24
3287 3
7571 4
5387 25
1881 7
1771 7
8132 22
2303 30
7491 29
7983 39
9963 27
5131 25
2485 7
4577 30
9880 10
6000 16
5101 16
2260 25
8538 36
1892 30
1282 30
3959 21
2703 8
8495 12
7952 21
9184 27
5479 40
1864 33
6531 29
1770 10
2063 25
7040 40
8367 31
3278 14
5026 28
1045 30
8927 13
1699 36
9999 33
1249 25
4172 18
8533 20
2785 23
6216 4
9613 34
2433 10
7484 37
5621 17
4945 8
3233 22
9037 10
7013 39
1461 16
2311 18
328 38
6173 5
5101 7
4062 27
9156 24
2872 6
5667 26
2177 21
9041 38
1724 31
3124 12
5626 18
2823 21
3500 14
5096 23
6437 38
3036 9
8139 11
7392 26
1123 34
7404 20
5513 26
6996 3
9185 35
5131 26
9757 37
1309 9
1447 16
8938 16
8024 23
7723 22
9928 11
8992 13
5053 23
6329 35
4747 23
689 26
5900 23
5537 19
947 26
673 33
264 16
1123 6
1717 27
5931 26
6402 31
6781 19
5159 27
577 31
5318 19
7665 32
7624 26
9425 30
7937 40
8145 37
3304 24
3926 9
3877 35
7708 12
2968 12
3249 12
4231 25
3238 38
9950 33
2011 27
9701 7
577 32
4047 37
3875 21
6671 27
363 32
3709 8
4003 22
8959 19
3355 32
6127 21
1130 25
1143 40
2148 3
7568 33
3783 10
3363 6
7833 32
9375 16
627 35
7922 7
4924 26
6924 16
8038 14
2145 39
6829 39
2666 32
9733 29
818 12
8468 32
70 11
8134 7
3934 35
9541 27
3624 34
6622 7
7939 8
8256 33
8654 6
8841 21
1014 8
6498 31
9928 13
8354 29
992 15
6233 25
2869 6
8916 4
6484 39
9330 37
4211 11
8454 31
7267 35
2042 25
2170 23
8973 10
6420 7
7454 14
6757 32
3176 40
223 39
6156 3
2603 38
9616 35
3548 9
4418 31
3746 29
5510 5
7018 31
2592 22
6861 10
8774 34
2683 7
6028 22
5348 6
636 20
9545 28
500 35
6616 3
7767 22
8022 18
4149 5
9320 39
9707 3
633 8
3498 4
896 28
8411 11
4921 17
5132 16
3534 18
7546 24
1623 19
141 13
2032 28
165 38
2435 9
7058 11
6224 5
6503 13
4537 34
7934 14
8662 5
1677 21
1910 29
7259 7
9748 35
7613 17
9783 22
6721 34
6524 34
603 5
2385 23
9206 27
1149 30
4964 11
3628 29
7274 19
1034 23
513 14
745 10
5588 21
838 8
9740 25
77 6
873 10
366 38
3438 14
7573 28
1242 10
2427 29
8766 27
3544 27
2344 26
9585 4
253 35
1095 11
2399 34
84 18
9271 13
9685 27
2828 9
468 35
9865 25
6918 32
7194 23
9736 37
6883 17
4444 3
6500 31
9622 34
5863 16
8879 3
5095 10
2873 12
4674 22
1211 4
22 18
776 25
7670 17
2153 22
4807 36
5626 25
139 30
3960 23
7124 14
9711 9
7957 24
8807 38
9344 16
8579 6
2462 3
5024 17
5834 5
1757 18
4175 12
1465 3
2733 16
583 36
4589 17
7774 29
9231 25
7169 24
5023 10
5179 5
9722 11
5558 36
5168 23
7688 9
2792 34
9895 25
3324 33
2174 29
275 26
769 16
2839 19
9646 21
3256 32
6173 18
1002 5
9710 26
9893 4
7450 8
3590 18
5940 7
7984 40
85 18
1320 35
1347 36
1933 28
8530 12
4861 33
7154 16
744 14
8480 31
5476 13
914 33
5703 31
4874 13
5596 23
2793 14
2689 21
2876 5
7767 24
1447 38
9476 19
6413 15
1441 11
5004 23
2389 18
2511 33
3385 16
4609 10
4540 21
7526 23
3957 37
4954 36
4264 12
7179 30
8843 19
3143 29
6577 39
126 18
5897 20
1537 27
2613 11
609 16
5780 31
9440 7
768 17
5543 12
9938 3
7433 17
7285 21
3259 36
3762 26
6955 22
6364 4
1572 5
8816 3
7423 8
2853 11
6445 16
7824 3
8690 30
4436 23
528 26
6638 11
2286 28
391 3
9935 10
3921 5
3859 16
4068 33
3527 35
3535 16
1867 18
6203 37
5860 37
2103 7
573 31
9647 31
8452 24
7894 33
8114 17
3247 15
4728 31
3776 28
7856 20
3762 30
2727 5
7950 35
6528 33
130 18
1455 21
6058 6
6635 11
1783 39
7088 16
5383 21
9302 14
5977 15
3782 5
296 12
4546 25
3523 20
6266 37
8390 36
7733 28
9756 30
8089 4
7894 15
8020 12
8931 35
5729 25
772 14
3282 33
6675 12
5528 32
1706 33
8762 35
8793 35
1006 22
9248 20
1850 34
6748 33
1098 35
8476 4
5217 32
2123 17
8593 9
8867 28
178 34
186 31
9468 3
5174 30
1747 32
7068 13
3193 37
5674 4
5532 7
9282 28
315 24
9802 6
31 15
6825 20
3351 20
7712 23
8511 3
3318 4
3814 33
4758 22
2792 10
8381 6
8289 8
9544 25
3303 15
2635 25
1478 31
8224 5
5407 34
5843 20
7167 19
8474 31
6812 14
6476 33
2217 32
9113 20
6549 35
6916 12
9744 25
3508 25
6522 16
3061 5
4817 4
3485 22
4611 4
5130 31
5107 7
4508 31
5123 6
4273 21
531 8
3126 24
9528 37
344 25
2461 15
2377 8
1989 6
1131 40
8334 10
9734 36
7548 10
4682 4
533 31
3189 35
3035 37
8731 18
6926 3
3582 29
6879 35
9821 35
5082 18
1718 35
8868 40
3336 34
5609 24
6887 7
9946 35
5033 5
1249 7
3472 23
1283 24
6893 15
1374 26
3981 11
4009 4
4602 21
4824 27
3023 29
5004 3
6713 15
3311 25
5887 6
9326 3
4303 35
8859 22
7221 16
4993 38
3268 37
8417 3
1905 25
3114 20
8348 25
5736 22
551 37
9655 27
4422 40
9370 38
7107 37
398 23
7603 30
8126 33
4764 22
8328 31
8122 34
9944 17
6527 5
7337 8
5789 9
7682 7
6344 20
4074 9
9958 8
4533 30
9161 28
9150 14
7065 18
6749 6
5984 38
1319 34
1795 10
3160 34
7008 8
5258 10
7091 13
9515 18
7551 17
3655 28
4954 20
4477 38
6962 35
1969 37
3635 29
3135 5
4732 29
7861 20
8394 37
320 29
8890 6
9798 34
9670 36
3695 33
3096 31
5756 3
3801 8
5136 8
648 11
8073 5
387 7
8178 6
428 5
1639 35
4938 8
1547 36
3906 16
4899 37
7772 19
4029 37
5289 31
3654 9
7620 27
1842 28
9199 36
3664 12
3671 12
9459 14
1490 6
9343 22
803 23
8930 38
8562 7
5470 19
2169 13
1655 20
2962 4
8185 6
5537 7
9300 29
9289 31
7448 30
6912 31
4853 34
7511 31
1087 38
3629 39
6022 40
5792 23
3070 21
7821 27
7533 39
9067 22
8634 28
1391 13
5825 23
1676 38
4446 15
8959 30
1219 11
9643 7
701 33
8101 21
4447 7
8198 13
143 31
4853 33
7444 23
4869 4
4727 34
1138 10
65 4
5810 18
1832 6
2459 38
6743 12
776 10
7022 35
1313 33
2768 36
5326 6
9978 26
9064 33
731 24
2519 24
8868 20
101 28
8349 34
9913 37
5135 19
3924 37
101 32
5093 26
7395 29
7131 3
5413 11
7243 6
3852 4
446 23
4907 5
5383 39
8989 22
50 29
5859 28
7793 39
6963 32
3642 38
9011 4
8351 13
9029 29
6614 19
3310 26
6471 24
3785 40
2889 13
9787 25
1645 13
4117 34
183 23
4254 33
6434 27
3505 9
1121 5
2904 3
1024 21
7982 32
1863 22
6481 22
4377 36
1687 24
5123 10
5576 6
4357 32
6103 24
7496 24
8967 39
7968 15
3655 39
5609 34
2441 36
2580 16
3520 31
1952 23
3401 9
1386 14
4497 39
3162 29
5351 7
9566 13
6532 5
5600 4
364 38
8887 27
5366 5
2220 39
4929 35
7252 15
9076 34
6327 9
7500 10
1922 24
7175 14
104 22
5534 16
5876 38
1701 24
684 28
5731 12
2663 34
4479 26
5458 31
7906 36
967 30
1925 16
2790 13
8101 34
8467 19
9436 18
2456 23
6198 26
7223 6
5225 19
8706 17
9378 8
7351 37
4840 10
6734 26
5550 27
770 7
4171 36
4139 7
4360 38
3381 20
6069 16
7096 13
242 14
7451 15
6101 20
3500 4
7846 34
1926 14
847 19
9253 40
6531 13
5791 23
8075 8
3852 26
5945 32
578 13
5976 22
2317 15
3360 40
2942 37
7728 31
6225 19
9806 38
7456 14
7927 15
2029 37
8508 26
1850 36
8645 9
2439 5
8710 6
79 9
1081 30
4298 33
3277 24
4951 13
6371 22
5367 23
7434 18
4772 27
4807 16
2388 40
4537 36
7750 26
5190 29
4633 7
5700 36
7639 8
7052 26
3407 7
569 23
2630 33
6545 30
2975 27
8360 26
2929 32
7103 18
1000 24
6250 20
9278 35
992 40
9263 26
3334 22
3067 22
3357 31
8063 31
5728 26
7988 9
9593 17
9488 40
8488 24
7662 19
4195 3
8162 15
8694 4
2036 11
5392 15
1764 25
4481 29
1770 14
7236 3
5870 24
1838 16
9956 8
7177 26
25 24
6758 35
4057 33
9355 19
4824 33
546 39
9847 12
1907 27
3941 30
7879 12
755 13
7939 6
285 8
49 31
3279 23
8352 30
3278 22
4433 25
7883 11
5041 38
2118 8
5890 5
6754 40
6554 15
8753 24
8618 35
6909 6
9159 38
68 34
9498 29
2246 39
5979 35
7157 17
2261 4
980 24
5252 26
3048 4
54 33
3681 14
3489 18
7900 17
2643 24
2807 19
3601 5
4042 10
323 5
2147 5
5082 22
7929 35
4616 14
9529 3
291 8
9433 40
260 21
1508 27
5955 37
7053 20
4956 11
3807 17
2279 40
5989 22
6355 28
9368 35
2459 17
3042 14
817 23
2735 35
3066 6
3634 32
4566 9
8015 4
7921 5
9093 24
9105 26
4786 26
115 18
8647 8
8661 23
7047 24
3025 19
3557 10
164 38
3230 36
4763 23
9791 34
1802 6
1176 18
8821 16
8162 30
3258 26
318 33
4362 34
5211 26
2367 20
6382 29
882 7
9991 32
8885 29
6700 26
3186 6
4457 20
457 13
3379 17
9965 13
8823 28
3224 10
479 14
5350 37
210 35
9385 14
7514 11
8955 16
5709 3
4950 9
3679 19
5043 28
4783 29
706 10
4433 12
8425 14
4811 18
4998 7
8662 20
8270 13
8475 26
561 22
5029 31
4191 14
5851 22
8897 4
311 6
5570 13
2485 16
8947 25
9931 31
4394 40
3248 38
4202 25
7478 25
9338 13
2944 35
5755 13
9083 19
9297 36
1393 12
4925 31
4864 40
3865 6
7869 34
4085 25
1640 23
5441 16
5383 28
3829 12
3271 24
4816 36
8253 32
8486 37
6653 40
7962 23
7726 17
3544 6
7939 18
1797 31
1109 37
1711 35
1256 17
2737 27
9902 34
2353 28
5756 31
5288 29
6494 30
8540 23
4052 21
3333 36
6036 5
2494 6
8963 28
4674 39
5127 11
3325 37
4074 12
7666 26
2984 7
241 36
8690 14
4721 39
3058 13
3418 12
6590 12
6113 25
947 29
9622 39
5571 22
9060 27
2364 37
2693 23
3890 39
9784 38
627 31
9583 19
2098 26
8678 14
4692 35
4072 32
7784 35
2859 35
9799 36
5855 3
8029 3
6533 29
6932 8
2598 36
7254 5
5867 4
1576 34
7480 12
6103 21
5962 22
3461 5
7538 30
2322 26
2787 37
9688 12
471 30
7788 8
5211 40
427 33
7939 7
222 11
7784 9
6134 5
1164 40
7875 16
1404 7
7108 14
8905 33
709 7
6254 26
5756 20
5400 40
241 31
896 30
1317 19
501 15
7709 7
8759 14
9599 17
5050 19
1514 25
2077 36
4834 23
939 15
9012 7
6506 29
8609 18
9935 4
4430 5
2671 6
5863 6
856 6
5249 10
1581 9
9238 4
6376 24
9570 39
5768 10
7201 21
77 12
4147 31
1513 37
596 3
6363 21
2034 16
3296 6
5355 14
7099 9
1181 18
7533 4
2703 39
9171 16
1138 17
903 26
6905 19
6181 39
7168 3
328 30
5281 37
5821 6
9586 27
1885 25
796 40
7415 7
9762 9
1445 38
6758 27
8631 19
1965 25
6070 24
8318 27
8505 27
5364 23
5030 29
9793 30
2234 33
3471 37
3064 31
4761 31
1456 32
2306 23
8287 33
4023 22
8952 15
8014 4
7508 33
3742 9
6034 29
1420 20
4469 9
2490 27
9704 3
2783 29
8991 9
8934 19
4421 15
1198 11
8763 21
8515 34
3985 21
5437 9
8981 31
5611 30
5153 3
4531 28
1993 24
4782 24
4644 34
4373 9
4906 9
1355 11
3203 40
8807 33
5890 17
602 28
5051 11
7334 30
2344 24
7155 28
5877 30
8291 13
5213 31
8657 23
1116 5
7861 11
9178 30
5358 37
8109 30
8992 7
5742 17
9109 17
9079 16
4892 10
7808 32
35 34
5124 25
1606 3
485 14
9783 10
7067 29
1158 4
1021 30
7146 19
5546 20
3510 3
9488 8
5280 32
64 27
9773 31
5891 5
7828 28
4979 22
2486 19
9025 28
8804 12
2991 37
2629 17
8391 39
263 11
6129 36
6374 11
2815 7
3145 23
8632 23
7572 12
8628 29
4622 30
5673 30
7429 35
3313 24
2794 9
4616 25
3695 24
7730 4
8827 34
2415 18
7061 34
7443 39
9291 18
5998 29
7231 40
7701 38
6471 11
726 18
6285 18
7518 6
29 5
7823 38
3449 37
8248 11
1161 8
7250 28
600 8
8664 9
4998 9
1792 35
4849 32
7391 8
155 17
4959 20
2348 35
5650 3
7772 14
2745 10
5667 24
6593 3
154 10
6378 34
1386 15
50 28
3529 16
7403 6
9895 36
2633 20
393 15
3766 14
7641 19
8813 37
6895 8
9185 14
9784 24
9680 39
5293 10
756 5
6299 27
7107 8
8708 38
8123 13
8269 17
9838 15
1496 5
8716 7
1532 3
9516 40
2934 26
6991 6
1824 27
6915 8
1010 33
5070 38
9666 32
6550 40
3969 37
875 9
2804 28
4726 32
8334 3
5727 5
6994 7
3302 33
2815 34
8740 23
6177 8
2071 35
1068 33
6715 17
9213 12
8520 3
675 12
3773 4
2885 9
5188 36
7039 10
7771 8
1673 40
1218 11
4802 6
6029 39
671 4
3745 35
9478 10
8398 15
4254 34
6641 32
9692 16
9171 25
6596 25
7167 8
1054 11
9537 29
9891 38
7650 36
3599 32
149 31
7023 14
1739 7
5984 30
3100 20
3876 39
7873 5
4718 21
3019 23
4197 20
5546 23
8559 29
1315 6
1278 37
2464 6
83 31
8510 33
6368 38
2135 14
9074 6
1092 38
9476 14
5384 33
3197 23
7245 12
2055 28
7657 12
6800 24
2935 25
6789 36
2874 33
3660 5
5197 29
500 40
9850 22
8516 29
5807 31
3248 13
7255 29
2192 34
6535 9
870 30
571 17
4298 9
4496 31
1722 13
1433 32
4057 28
7829 9
7874 33
3911 4
61 15
7952 28
3408 40
716 40
2776 19
4019 9
7859 5
387 3
3496 40
7584 16
912 3
6617 27
8824 9
6724 21
666 27
8104 32
6123 27
7327 7
9147 38
7460 39
3949 28
6307 15
7934 15
1314 33
4403 25
5717 15
5650 8
5187 39
4498 32
6412 8
549 12
961 11
6674 27
4893 27
807 8
4576 19
6678 5
994 3
2129 9
9041 17
5340 32
6134 14
7969 25
5396 25
6233 30
8814 29
1436 17
1885 5
8086 34
3849 21
3587 38
288 26
5780 25
2296 29
7366 20
7260 6
2985 35
3103 39
1647 11
2597 14
7715 24
7228 14
9898 16
2410 26
5643 8
4187 10
8985 8
4928 16
811 24
2228 29
1169 11
6939 13
3634 38
6768 5
8097 10
6075 3
6837 14
1549 20
1136 20
2113 12
795 36
2654 7
7524 23
686 4
5501 25
650 17
4959 24
27 22
5505 9
8074 17
731 25
3438 30
7318 26
6753 18
2342 14
285 26
542 17
5772 20
7415 36
2455 31
5381 9
932 21
3662 20
8055 26
7773 10
6416 30
7044 36
4262 29
8254 26
7890 23
8043 29
6581 19
2749 26
5273 20
6152 27
1959 9
1554 13
5693 34
3537 40
4278 31
3301 3
8155 23
4129 27
1731 24
670 17
9573 4
8954 13
1155 29
9809 32
4014 36
4090 31
2220 30
1846 4
2535 32
8730 3
2192 12
1711 21
9853 34
4968 5
1408 38
5047 16
566 27
9302 15
6865 35
175 25
3909 36
2627 20
9016 17
4908 37
9198 26
4528 37
400 24
6446 27
3703 14
1710 40
1787 24
7291 5
4658 27
7513 28
3541 28
9630 21
2857 6
7463 32
6952 6
3930 26
409 7
9352 17
1432 32
4154 26
5984 14
9077 21
6073 32
4720 19
6994 9
4140 13
950 24
5253 24
349 10
2932 10
194 4
4835 22
2899 5
5156 25
7631 36
1482 10
444 29
3949 7
1372 22
175 5
4407 13
5335 32
9953 7
2293 24
2057 10
6975 6
7043 20
2482 36
7064 10
3159 19
8131 7
5466 40
3619 9
7727 39
1061 26
3765 37
7977 23
1671 31
8291 39
7653 31
1663 37
4798 37
6470 7
222 6
1903 16
6103 30
1688 9
249 28
3577 17
6266 34
416 13
3361 27
1091 36
3302 37
9171 37
6183 30
798 21
1871 27
9078 39
6587 14
1160 19
9336 35
2016 3
1732 34
5772 21
8579 21
5609 7
1192 7
5347 3
3993 12
2560 8
8108 12
4952 32
2040 37
5373 35
3946 38
6305 18
1425 4
3337 40
8142 19
7532 11
9433 6
1629 20
8729 22
757 24
2788 27
7196 23
4018 14
2502 9
4129 25
2053 14
2655 12
1464 24
9367 19
8531 13
5018 19
1572 39
5215 6
8762 12
4321 39
45 34
8730 15
1229 40
4716 37
9535 29
4541 30
1362 29
7858 16
8634 33
6919 36
6278 25
1389 32
3335 28
348 29
8994 19
4339 28
8220 16
9402 3
4948 9
4808 34
6375 37
8379 39
3352 3
125 14
681 4
4889 24
484 13
2715 5
2112 4
8093 20
2366 9
2414 24
5818 5
5813 33
1749 7
3554 29
9035 6
2114 4
7420 6
7560 38
5966 6
3732 38
7277 13
4438 34
375 37
8541 19
7549 36
600 20
2092 12
7309 26
954 6
8289 38
1681 30
6022 27
6036 29
5007 31
2363 17
5952 31
9288 30
7184 30
223 25
5385 31
8816 8
6604 31
899 9
7574 29
9575 24
8708 22
2031 26
1679 5
9513 7
9474 25
9833 33
6018 6
2777 34
1576 31
4818 32
9239 35
1952 28
8250 20
4984 10
9192 19
4363 26
3165 34
3727 4
9741 23
7940 19
7237 16
9194 7
6826 13
5662 39
1185 6
739 28
7977 17
8152 11
4778 11
287 14
814 22
4280 19
8798 14
5519 8
3670 5
8883 7
4634 9
1929 35
2468 21
6720 35
56 3
9500 36
2408 8
9428 35
3723 10
4687 3
5991 35
5710 25
4857 8
7950 23
3293 10
6931 31
9869 14
1556 20
3219 17
3680 16
7527 23
6716 37
3966 36
248 15
4490 20
2334 24
9020 37
5123 31
3395 21
6046 3
4157 8
3009 14
327 24
69 22
6335 40
3846 24
2567 17
3516 40
2340 13
7059 39
2422 40
6226 30
1943 24
7125 12
2686 17
4811 10
276 19
1191 27
1050 13
6976 32
6370 9
7371 20
6393 22
4686 25
1170 37
6551 31
4829 19
9026 34
6171 11
7988 40
2759 39
6016 9
4103 13
7800 20
952 28
3993 18
736 35
3545 11
5385 7
6254 30
2482 28
6694 15
3700 30
6302 30
6549 17
4005 34
9858 38
6218 5
9851 12
2968 38
4649 15
3135 31
2261 32
4091 26
4095 32
2846 11
2016 11
6744 37
2359 24
7697 23
3039 11
7533 19
4185 12
5576 19
7781 15
6987 38
1743 11
905 31
3739 13
5110 22
4917 30
6116 24
4610 14
67 28
8845 36
4224 38
6735 36
4434 17
1404 9
1358 10
1724 4
8155 14
1984 20
2009 9
9526 16
5415 37
2666 4
4385 23
384 6
9560 29
8845 20
2134 32
6990 15
1586 27
4959 6
6005 6
6413 26
9887 13
7189 9
7011 34
8821 40
6478 37
2412 13
7281 31
3970 34
7643 26
2861 14
3780 36
1601 19
7555 32
5293 36
380 7
3253 15
71 35
1625 20
5723 4
4492 30
7575 18
9526 19
9830 17
4275 39
4180 32
6594 28
2401 3
9105 37
1097 23
5284 9
2901 21
3754 12
965 4
6978 28
8765 33
1856 27
7745 7
4710 20
8041 22
2540 31
8596 25
8140 11
2683 30
5212 40
9163 12
1030 23
7142 35
1692 19
2740 14
9430 17
8916 17
8885 22
2936 13
4445 17
5707 13
9660 19
9795 15
8993 35
230 38
251 15
1051 13
5364 10
9873 36
8735 5
1385 34
6534 31
6187 17
3144 33
5903 4
7254 31
9827 15
2999 39
8815 37
7909 10
5487 34
3081 37
5902 35
8953 21
8550 31
1137 39
9990 6
8041 28
7913 33
8136 24
3739 5
711 27
8143 19
2347 33
895 36
8039 9
8789 20
3055 28
8318 30
887 23
2361 13
6412 38
8550 36
469 25
1510 9
1215 11
5851 38
4888 35
972 35
9775 32
8831 3
698 37
7528 32
4754 17
6275 21
5688 33
6080 9
6370 32
799 15
4110 5
975 13
1632 40
6005 31
7971 32
8772 14
6548 26
4515 13
1925 10
8071 4
895 10
5500 6
2639 37
785 37
3181 39
2086 31
3460 15
8791 17
1777 29
9915 5
3624 40
8768 31
1615 33
7614 34
7177 22
6100 25
2041 33
2072 12
9468 18
1646 17
947 35
3816 9
9418 32
8583 18
1490 26
684 37
7197 20
7327 10
5792 27
8521 32
3107 12
7468 30
9074 28
9571 14
8490 7
9171 11
989 4
7637 29
988 16
5894 23
1982 36
9788 15
9287 34
2647 31
3775 13
8463 15
9079 14
5220 22
6144 16
416 3
5413 15
5962 30
3840 9
8387 24
6630 8
2685 15
4716 22
6267 27
7006 12
3558 38
9103 16
3956 18
8554 16
8197 37
2639 20
2866 23
6145 10
7036 32
266 17
2430 27
7982 37
8306 26
607 33
6678 18
1516 38
6139 21
3358 37
4170 11
2814 34
5576 12
3536 27
3136 9
1675 32
170 16
5190 18
9641 27
8728 12
3559 6
7963 19
9219 35
9757 17
339 27
8169 37
127 12
6275 39
4017 13
5578 25
5703 19
7541 35
3256 7
2193 19
9363 27
4773 35
362 40
5117 4
3428 3
7803 3
9629 11
4937 18
8832 23
6681 38
7639 39
9762 11
2218 22
9129 4
9122 40
5236 8
8844 9
8422 32
171 22
2638 35
6244 9
4781 15
9813 28
760 16
20 25
2451 31
4408 13
159 7
940 34
131 8
2888 36
9432 28
8739 21
9238 6
4584 11
7279 25
8616 9
9317 29
2106 26
147 33
3123 35
9026 27
7629 19
5147 6
5502 31
4862 9
8230 17
751 40
5824 13
4699 32
8277 10
2101 12
3378 20
1672 14
836 38
250 14
6255 40
9519 11
9602 20
9617 29
3217 10
6225 3
3817 21
2801 38
2830 21
6394 38
6246 30
7001 24
7654 19
4622 36
97 34
9889 35
8916 14
3727 26
6907 10
2561 19
4029 38
5880 38
4981 34
9534 39
1226 17
7867 25
622 18
9175 37
1156 33
7502 24
6128 22
1495 34
185 8
8498 8
4593 24
3992 5
7027 30
6329 9
6643 10
7108 25
3905 9
7406 17
8903 15
4492 18
8360 38
9592 17
5997 18
2384 37
3229 12
3076 34
9351 33
7709 20
7619 29
5326 9
2226 14
1646 9
2348 6
9642 16
3239 33
3430 22
1242 17
2710 24
7923 22
6834 9
1188 10
3950 19
3034 4
890 33
7697 8
9300 15
4903 25
9516 18
5157 29
8050 15
4072 21
4277 26
1789 35
6569 33
8739 22
6847 5
8915 20
7315 26
8331 22
2290 8
3922 10
2729 26
1085 29
2086 34
1724 12
309 4
2238 32
300 21
1744 37
4456 27
8125 15
8735 14
5937 14
9849 26
1237 35
9027 38
4477 37
4111 31
2864 36
7644 11
5998 6
3841 21
783 22
8932 24
6997 37
1654 38
6058 7
111 22
4175 8
3398 19
8852 38
3184 10
4619 31
5326 25
5732 36
8600 12
7897 7
1762 25
3468 16
7341 12
7316 29
5079 19
8079 32
5451 29
3886 28
7183 14
3569 39
7268 37
3234 34
550 18
6435 23
2367 7
342 9
6615 39
331 40
6805 30
8026 10
3199 40
884 13
3827 7
124 21
5159 24
7675 29
5829 14
8774 12
3734 10
6141 5
7521 24
8440 20
9526 22
7488 36
4214 22
3461 36
2127 7
6376 32
3108 30
7295 20
6970 15
9324 8
3911 21
5994 39
5525 18
4064 22
1410 39
9732 6
2010 18
9768 13
2348 32
5344 5
3573 18
8567 30
4342 21
1157 19
4154 20
4124 25
7600 15
8853 38
2758 8
5252 7
6997 39
7493 16
338 8
5686 30
3894 39
979 7
2110 39
949 4
3893 25
7783 9
7129 36
7586 19
1633 24
8319 5
5758 33
5370 10
5742 21
8555 20
806 18
2861 39
3513 11
7221 17
6585 28
6253 5
4370 7
5954 19
9782 32
2735 26
8694 34
7689 36
2260 29
5354 8
8219 8
3991 19
4274 24
9819 21
1989 20
4981 23
7245 5
5433 38
8649 27
2832 19
6441 26
1788 39
1100 18
5809 6
4525 4
9860 17
1211 3
3635 16
3635 36
4146 23
2739 32
8264 21
7834 9
2917 21
3045 10
8666 28
5144 10
5028 38
7747 31
3914 15
5474 15
2011 18
3097 39
9218 20
2955 33
7139 21
8133 6
2345 37
740 26
5431 5
2886 9
3600 30
4529 27
6062 40
7487 31
8553 10
1255 30
8908 33
8093 29
1049 18
9841 23
7211 16
2803 31
52 22
2040 32
191 9
7311 17
6129 30
689 30
7150 33
1126 28
6745 32
935 31
569 26
8913 25
3070 16
5271 34
6879 24
6893 6
6451 38
5753 29
3852 38
276 22
6617 40
9532 17
2372 4
2812 31
8466 6
388 36
5762 32
1687 28
8852 3
7319 40
8654 23
3126 27
9172 26
674 5
2927 4
8658 13
4208 15
4032 31
3845 7
7663 7
2267 19
1954 30
4782 12
1329 32
1455 20
6 28
3565 31
5906 8
3339 34
8385 36
7424 36
4663 4
2572 28
3124 6
860 30
279 26
9666 40
2540 40
3260 37
4852 12
2019 36
3970 23
7994 36
2974 34
4197 13
172 14
249 35
2034 35
9899 8
8824 13
3623 40
1722 6
4759 24
9624 38
7802 29
4878 12
3867 40
6806 38
1890 19
5890 16
9181 11
7425 38
7526 18
8917 7
1975 25
8241 38
7236 30
731 20
7363 36
138 14
961 17
5213 34
5236 34
5857 27
8205 27
1850 40
5256 33
7341 19
79 16
4735 38
4138 33
5406 28
1446 23
2145 14
5219 31
6807 28
5541 12
2207 23
3224 25
8559 23
3600 6
3348 5
7708 39
7608 21
985 29
5264 19
6282 5
7243 4
8430 9
857 27
9827 9
203 21
2051 23
4484 36
3827 8
8883 9
1025 28
6167 3
5896 40
4537 22
5144 19
6445 35
1649 6
6140 37
1265 6
4267 38
8253 15
6410 19
3826 17
4832 40
3810 10
2759 13
6450 30
5891 4
6854 25
7698 15
5263 32
5625 20
2463 32
4490 14
696 35
1168 39
8441 27
3722 38
2159 33
229 21
4778 19
501 20
2309 24
9716 10
8406 5
4072 35
3981 3
3362 18
4193 35
7670 24
8744 12
901 9
3869 18
7187 15
364 34
2686 23
9293 7
7310 25
5769 13
7622 25
8388 7
5094 39
5464 27
5393 8
9345 14
9663 21
1248 40
3 3
5657 4
4993 20
5422 39
4950 21
1889 12
898 6
716 29
9469 31
919 8
3267 32
6433 8
7442 18
543 16
4682 16
5915 18
6456 23
134 11
6298 32
2434 25
6872 16
95 32
7943 21
3943 32
4826 27
4295 31
6110 7
567 38
2543 5
2097 16
6065 6
6924 15
9809 28
7528 40
500 25
607 38
8062 7
1420 18
6336 40
9358 6
6269 33
7568 17
3559 16
2600 17
4825 37
4381 23
537 32
7462 24
3407 21
6335 21
5881 7
2390 12
5187 38
6419 25
8502 5
8080 32
4901 20
5053 40
2107 15
9476 38
4743 28
3971 9
5005 7
4160 23
2989 33
3034 23
7763 20
83 13
8892 36
9337 19
7631 35
3026 31
8279 18
2607 22
409 36
10000 18
5186 30
8640 19
9669 33
7699 11
6135 25
9982 25
445 13
709 33
370 31
6174 31
4745 27
9455 11
816 18
7020 8
3079 4
6651 38
3430 34
6802 4
1866 10
4185 26
4988 38
2775 38
284 24
9027 24
3187 27
6858 13
1030 35
2726 6
1018 13
6440 25
4737 5
610 32
530 15
7794 17
6729 16
7534 34
5671 25
9003 21
9204 18
3970 32
3034 6
3575 14
7170 8
636 30
6368 22
3283 34
7996 39
7527 5
9980 39
7575 29
8408 11
9884 40
2459 7
728 20
9570 25
9276 25
5009 7
3482 15
7447 37
2783 19
9180 27
8712 40
6575 27
4971 4
9249 27
2436 19
2571 37
1573 18
5248 7
5158 12
5511 9
2945 29
7141 29
7006 10
5174 20
8403 3
3770 5
8752 31
1133 16
8098 39
5896 15
1086 5
2929 3
7887 14
9160 16
6445 3
6934 29
6357 4
3407 5
3092 27
4958 37
4347 31
4886 20
1566 12
1993 16
4561 8
452 12
6984 17
2125 31
395 12
3812 21
5428 13
2481 7
7402 35
2819 14
2416 18
7912 36
1656 14
3324 11
4203 21
9619 38
4479 19
8300 25
9605 34
4709 26
7573 22
6153 21
6161 40
8846 28
4808 14
5657 29
4558 11
1009 28
8837 38
9769 20
2313 33
7801 40
9744 9
3841 27
9796 31
5677 29
2535 20
5509 25
8226 16
7963 5
8844 4
9187 24
5574 30
8322 3
1360 7
725 21
2599 23
8888 21
2835 5
1748 4
9984 30
8596 9
62 6
5487 20
9368 36
1057 36
5390 21
9804 9
9436 40
6584 31
9264 37
3263 4
4883 30
5800 12
7898 38
6263 37
5698 13
6974 8
4002 30
8117 33
9948 33
1065 28
8599 9
194 32
9123 39
6430 4
6947 31
3164 14
767 9
984 14
3943 5
88 40
3090 9
7874 15
4146 8
7955 37
9820 37
5114 37
4846 40
4473 32
1644 4
6041 12
2430 25
5063 3
3749 18
1888 40
6193 38
6451 19
9053 39
4125 28
9153 24
8559 14
4048 15
7006 3
4700 27
6478 4
2135 36
7549 21
1813 25
6194 29
5693 24
8485 27
7046 34
9266 19
3274 18
4724 21
5604 24
8730 32
3197 14
1381 37
6102 15
8511 17
6969 36
8806 10
7775 21
2931 16
8426 23
1870 24
5767 5
5844 19
1108 7
3463 10
1922 33
6498 27
924 12
495 4
4933 37
6081 10
1671 6
9584 7
5778 15
9643 29
133 8
3999 3
3162 36
7528 26
5584 11
976 29
3483 8
8226 18
4200 15
7974 24
381 35
6083 16
1899 39
8382 7
6019 12
1795 28
6647 38
387 32
4229 31
6659 15
8582 35
5194 25
4453 10
529 15
3650 25
5355 29
9095 13
4038 18
8733 33
7644 38
4967 29
4727 24
4158 38
1021 18
5897 31
1274 4
9113 37
5967 24
5197 5
2008 40
8471 7
9782 21
4906 13
9862 21
3542 3
7558 17
4503 29
5553 9
9902 13
2563 18
3335 36
8698 26
665 25
2364 18
3245 16
7456 30
1120 18
9542 16
7151 23
8582 10
6097 29
7379 33
7278 10
9294 21
7553 37
9140 22
134 20
9800 39
7269 13
669 36
7332 40
4795 22
2792 17
5206 39
5148 24
7721 19
6250 36
7507 31
4476 14
107 23
1449 34
9703 25
8894 5
5987 23
9320 12
8038 5
1858 30
3465 6
1292 39
5695 21
970 27
7725 38
5823 16
4954 27
9976 15
217 5
3343 9
1951 37
4034 26
1637 17
1600 15
6608 26
4342 19
2504 14
7546 20
8496 6
3491 24
6127 11
3644 25
1257 6
5283 14
9411 18
4929 25
3500 6
2810 26
9898 3
1378 34
645 36
7153 8
1414 32
8202 6
1685 31
6620 22
9546 9
4225 5
4742 5
849 7
1870 27
4481 37
2269 5
6330 4
9200 18
5369 30
3929 26
5606 34
6446 28
4938 6
7948 21
5238 7
3390 27
3272 35
2523 19
3525 37
1898 15
9113 5
6310 28
1476 5
7407 30
8917 35
7323 23
5273 4
6351 30
6174 20
8982 17
4354 26
9449 30
7639 25
412 9
3935 30
688 24
9695 4
1463 27
911 14
8879 8
7634 23
3313 9
6718 35
9166 10
3203 15
7981 5
7027 15
5356 21
4221 8
2447 31
4063 22
7925 21
102 8
529 24
9888 16
1730 35
9101 39
5558 6
5631 15
1634 26
5637 34
2696 30
3770 10
5825 11
9641 14
3788 30
6324 4
734 32
1846 38
6443 25
3966 10
9556 12
2859 15
6197 31
5967 23
9628 12
5267 34
9120 21
8558 25
412 23
2149 8
1382 30
5354 9
6509 33
1836 31
6731 29
2150 39
9150 33
6722 3
3578 12
2889 5
6949 37
3459 21
1880 40
2203 32
7493 12
3981 40
3811 31
2058 19
9974 11
3408 20
8445 12
7766 11
5313 7
6311 28
5559 20
52 39
1308 4
7134 26
6674 12
1346 36
5105 37
3948 12
4444 13
4638 27
1016 24
1516 39
9807 33
4021 21
108 11
5886 32
6547 12
94 33
1328 29
3435 20
2725 20
8055 28
9729 17
5272 29
2391 21
6463 17
4317 21
8912 25
1432 9
9822 27
1466 25
8473 32
6137 3
244 15
9296 26
3211 8
9144 7
183 33
922 21
7629 26
8669 24
5123 34
673 17
4857 7
2798 36
5814 8
3861 7
5354 12
5160 30
4708 17
9346 39
6129 40
2385 6
344 26
8722 11
3802 5
8993 17
4126 12
9035 18
8101 24
9848 30
4194 32
9539 19
6294 32
8948 37
5113 15
1140 32
4772 23
9026 39
8241 39
795 32
276 26
6238 13
6983 16
2668 32
4902 12
1849 26
2186 3
3117 16
8089 23
8781 25
9832 36
7222 40
9471 3
3843 31
1976 32
3490 32
7069 11
8738 5
8466 39
6494 20
1739 13
4069 9
6841 22
4974 24
922 9
1422 16
654 27
3343 3
9307 22
2074 20
196 19
5746 16
5769 34
1632 7
8597 39
6353 39
6983 7
2506 34
6633 10
754 38
3414 25
7014 7
3409 17
6777 5
7317 40
9403 18
9784 5
1809 25
4603 3
6363 31
6788 27
4662 24
2815 31
6894 11
3671 39
5027 26
7954 26
6540 25
1596 38
938 8
84 15
8256 29
3250 32
3438 22
8851 29
6983 8
7773 23
3287 25
1586 14
577 38
6344 12
1130 26
9528 29
1239 3
6484 28
9573 10
2362 15
3972 28
8732 16
472 28
8235 11
2957 31
2995 37
7727 3
3570 17
1162 9
8354 22
3374 36
9850 9
148 21
3583 33
9092 26
8726 6
2000 21
8274 16
633 34
5342 32
6505 35
4461 40
8733 29
32 10
6830 16
7015 36
3676 16
405 21
5005 13
5710 38
6282 31
9370 31
6644 37
7472 6
3109 39
2835 30
4651 14
1913 26
1324 10
8696 22
527 39
2804 12
9202 24
4084 7
1186 20
1004 9
8783 28
2129 10
3829 25
6521 23
2935 15
7174 34
6581 28
7138 19
4303 24
2299 22
4248 5
2579 27
2140 21
4882 6
193 17
7442 19
2629 36
8560 16
1628 30
2812 35
2576 17
4323 5
5958 30
4504 20
3251 24
1977 22
9088 25
5266 35
4999 10
5620 16
5520 11
4478 24
6821 39
684 14
5501 31
397 34
2781 29
9761 12
3820 28
3691 9
9560 36
5747 12
8854 22
3819 9
1128 20
9808 21
4260 27
5182 29
4054 13
2079 36
5687 22
2051 20
6792 34
6207 16
5143 33
5830 10
5377 38
669 35
4227 8
2586 3
6594 19
7811 32
6820 6
9379 7
9143 4
1431 21
5741 15
4464 38
822 31
7022 23
3616 8
86 8
9910 14
5554 6
8402 9
2 30
9971 6
3621 18
6220 7
1980 34
1794 14
4321 4
6928 27
3910 9
7520 37
2366 35
8464 12
6940 10
9950 20
4030 26
8428 30
7347 13
393 39
3500 30
6745 14
1759 5
5173 8
6102 10
2250 36
7671 23
2284 8
5934 39
6179 35
6968 26
5962 10
6321 16
8269 24
300 12
25 22
4025 38
1069 25
5256 29
6294 37
7507 12
5695 24
9271 10
4683 8
9761 8
8306 36
4369 27
9822 9
7109 15
7357 15
6151 16
6070 20
9396 5
3622 4
2523 18
3356 32
6881 6
14 22
8821 9
5285 3
728 31
4336 7
3710 27
1907 15
9278 20
2832 32
1979 8
1041 7
968 40
2903 21
6187 20
1933 20
1593 20
424 20
5020 31
6734 39
6548 18
4280 10
7195 27
9731 40
3042 39
3497 27
5041 33
8774 37
717 27
2026 13
9876 21
514 39
5920 24
6539 7
8510 38
704 27
6099 11
791 9
9462 33
9931 36
5525 28
8660 34
8118 36
9496 34
3244 16
261 38
4019 39
6910 16
8432 14
9058 8
6675 6
5331 5
7216 15
4511 28
8155 5
755 34
6980 9
7564 23
6130 8
1878 36
2335 34
7427 35
7215 40
2949 35
6456 24
7683 32
6158 28
7989 8
4194 8
4682 13
2232 12
1596 28
2648 20
5629 15
6747 11
2903 24
4113 23
1078 12
1556 24
4711 6
6811 21
4199 38
1558 30
6696 31
8089 32
7809 18
598 23
7585 13
3444 15
7324 15
959 10
6786 23
2435 11
3840 25
1387 39
964 20
6816 28
7836 3
506 27
5596 30
8566 23
4198 24
6508 21
5618 31
8456 21
3513 31
994 10
6372 29
4172 17
1203 21
4704 31
4143 21
8993 29
8192 13
8540 13
8507 39
3305 39
1985 25
7724 28
6281 30
8654 32
8723 22
1810 31
7118 25
3182 37
3122 38
5522 28
238 5
827 27
3370 19
7919 6
2299 13
5063 32
8427 29
413 3
1923 34
2004 30
9954 25
4711 30
4487 22
8937 3
3741 28
1245 24
5061 14
7034 30
4774 14
1312 6
8591 26
1089 28
3687 16
4310 33
8147 36
2146 33
1788 10
7934 21
6589 16
3600 7
3756 10
6899 12
9011 9
7932 31
8504 40
8767 27
1118 30
3335 29
7997 31
853 4
2040 29
7840 9
1205 11
963 34
3362 11
9446 4
7327 34
3031 11
9878 33
1059 31
9541 33
5527 38
3324 31
1167 22
9606 29
4522 5
7370 16
9108 30
7330 40
4491 25
7984 31
1274 21
6734 36
4776 22
8841 4
9142 38
9161 13
794 24
7228 30
9427 33
7945 35
3277 31
2720 38
5325 32
3706 27
8819 7
1852 13
5256 19
7761 39
1029 14
4016 13
2899 11
1062 17
3775 8
9329 13
2494 28
7179 29
5337 10
443 11
1017 32
4995 17
6879 40
7897 33
8709 19
3278 9
5432 5
2366 6
1093 26
8570 10
2227 29
8605 5
4134 40
8843 21
8329 24
3741 24
216 3
4888 29
8929 20
7344 29
2558 13
5042 29
3655 36
1531 29
2517 31
8990 24
5935 32
1136 23
3057 28
5545 31
5599 6
3464 6
395 4
2284 9
5301 32
4240 26
8989 34
766 22
9156 25
6651 4
2689 13
4753 39
239 35
8321 30
4185 19
6648 25
6625 34
2849 22
5128 5
6300 34
9667 33
935 28
2680 7
3063 35
3141 35
9196 18
413 11
4641 9
6687 31
7900 31
1981 36
6130 29
8074 22
3735 4
3326 18
7825 31
9626 17
5077 19
8581 39
5004 16
4153 10
6357 11
1449 11
9433 30
4611 19
1400 40
6615 3
6254 21
106 4
6331 12
2888 8
1148 12
1547 40
743 39
1858 29
8810 4
7805 9
7064 29
1489 38
3617 4
7133 40
7509 4
4015 7
5773 22
9325 7
482 6
1821 29
2714 16
4081 17
5470 26
7308 12
9393 32
7041 11
3695 10
9061 34
4318 30
421 14
8745 14
9454 18
9292 15
8353 39
5929 18
6604 32
9555 9
8164 40
272 29
9160 10
8957 9
4664 23
8626 25
4461 34
3239 34
9376 12
3446 19
5361 33
3673 38
3372 29
5562 38
6696 10
1142 11
820 10
8424 19
7067 4
8214 26
5073 34
1150 24
6049 29
4271 9
7364 23
4315 8
1667 35
4565 8
7661 30
5948 23
3166 5
6635 26
4604 21
2867 30
912 35
3621 32
6459 8
7981 8
788 15
6802 7
639 21
3652 8
4983 24
4662 28
799 13
5940 30
2771 22
8248 16
8890 30
2235 40
6317 38
7867 14
290 10
2536 3
2178 17
9886 17
4633 24
8810 12
1625 31
1106 37
9356 31
9607 18
4261 14
9452 12
3306 32
6384 16
6214 15
9411 33
1695 27
646 38
3989 29
1414 33
5859 35
354 37
7026 20
2872 29
4801 26
3073 13
7081 34
1651 35
5692 12
4271 28
1537 32
3953 26
4512 15
5674 22
603 19
3316 39
3345 11
7479 28
3748 8
7805 32
1215 31
3598 27
9511 40
3416 34
4670 31
9248 29
247 20
4653 11
1688 40
7693 39
6660 23
6619 23
4364 33
5069 4
8426 28
3003 36
6277 23
9813 13
1036 4
1102 21
6257 8
4636 20
9881 12
7329 37
3474 9
7526 39
7699 12
2483 29
6361 14
172 27
8314 12
8625 28
4228 33
5268 28
4219 38
9540 28
9793 24
6942 35
5146 34
8922 13
4087 10
3474 33
2245 15
5780 29
3127 35
1278 9
5868 10
6315 5
7184 36
4152 40
7102 30
479 4
6880 5
4906 5
5906 14
6715 11
6514 40
9813 36
1706 40
85 32
7510 13
8259 35
1303 17
9380 14
3731 37
8238 19
5391 19
6984 7
6424 24
4329 27
1572 30
653 25
5154 40
8704 10
9377 26
6825 17
4273 28
8735 9
1822 38
5800 22
1442 16
7874 40
6374 4
6839 14
3673 8
9842 18
3175 19
3397 23
6625 25
4030 29
8356 6
3729 38
9747 21
522 25
1374 35
4389 40
6365 18
5487 30
5085 4
9778 33
1610 23
7320 10
5759 19
8967 13
4549 16
7480 8
4938 7
5363 3
2637 8
3498 9
6794 16
6465 8
4042 4
1198 32
8335 25
6816 23
3213 31
4218 32
5158 37
1349 20
6842 13
1891 30
370 14
7788 34
7159 8
3446 14
2975 23
7492 18
7576 36
9284 8
4345 38
2866 13
7214 38
1690 33
9821 3
1563 16
1213 26
302 5
330 12
3903 12
9300 34
5641 37
9568 4
5510 32
9139 12
8229 6
9759 10
5771 17
6330 39
9636 29
8128 3
6442 25
8273 14
4898 6
9384 24
9339 27
494 15
6213 28
7950 25
2675 31
5021 33
9538 29
5163 31
7981 16
8964 32
8847 32
224 33
5616 20
2532 40
760 3
5246 33
4577 8
1595 8
5036 31
5699 16
4281 5
2391 26
8969 38
2648 22
2562 27
4275 15
9489 33
373 28
8129 15
3772 8
807 37
8849 34
169 9
6217 21
5830 12
9641 29
8611 35
9713 27
5951 6
3273 23
5398 6
4188 17
7359 10
6987 13
471 38
8140 7
912 34
8254 34
5075 18
3773 31
8746 10
6085 27
5534 32
7406 39
3872 33
852 6
7230 25
8287 6
3790 38
405 5
2130 5
3477 7
4852 5
3123 10
2074 32
4111 7
7857 24
6754 34
1959 32
3271 33
3634 35
6573 29
2673 29
8102 5
1475 12
7058 6
2200 31
430 11
9995 4
4137 16
6478 6
8338 19
7158 36
4328 11
3601 9
5199 9
3150 37
3484 33
7266 36
5945 38
7577 5
997 30
8050 17
2305 19
1477 26
9838 22
6974 38
493 24
903 36
5800 6
9382 29
825 16
2765 11
6399 33
1521 38
2788 28
9400 39
9844 8
4159 14
8001 6
7131 18
6337 28
8073 32
6216 10
2846 28
1340 26
8733 26
336 5
6630 16
5575 30
3050 28
8395 23
3962 16
7945 9
8875 39
1519 27
461 31
1676 26
3740 35
4895 12
7541 18
8246 17
2870 21
7221 5
5765 11
8540 36
2939 35
4188 13
4489 32
3965 29
6365 26
581 38
3488 38
8433 25
3088 23
871 20
5143 7
3669 26
6115 39
1737 24
3396 28
8991 36
5732 12
9296 7
2602 17
2140 28
9817 17
2983 24
8244 21
9403 36
5997 7
9676 20
2945 5
8975 29
752 25
3595 3
7426 20
2284 6
9052 16
4786 4
1618 6
3561 16
699 9
7095 6
8501 29
1425 37
9400 29
5875 36
3311 6
3684 27
8686 23
2782 11
5507 33
4696 37
3527 22
3371 35
3815 12
9210 11
6219 3
4056 31
112 35
8443 36
6891 31
4567 7
8210 35
7576 6
4725 30
4670 40
8340 31
78 35
6216 23
4853 9
5733 28
3489 22
9395 38
4705 17
8051 33
7015 21
3468 8
7140 4
3468 18
4793 27
1732 8
4563 10
5673 3
6534 3
4411 32
1628 20
1180 11
3357 17
4743 9
2235 30
1999 17
1704 23
3993 16
7658 13
8580 38
4843 37
2644 3
9977 39
9012 20
1049 9
6272 12
604 10
6168 4
3336 39
2396 31
9031 40
2329 12
3424 20
4571 26
7594 29
1941 10
8409 13
7387 35
1341 16
316 19
176 36
9994 33
6454 21
5485 20
5748 20
6782 36
1974 17
5096 16
2566 25
8296 16
9549 14
4185 31
7715 31
8962 12
3100 37
9660 37
3189 32
9291 39
2620 30
1330 5
9555 6
8711 40
7283 21
5881 18
648 31
9478 28
1495 36
1555 22
1457 29
2053 4
4841 15
1822 14
7340 17
7363 35
5791 33
6713 19
705 12
8765 17
7287 15
7364 5
8146 12
4885 18
1976 38
8397 14
9792 37
686 9
9637 39
7683 14
2998 4
3349 39
2706 3
8064 28
5 38
7134 33
9372 38
6343 32
3408 9
9561 26
9464 15
483 14
7840 25
8113 39
4847 9
6023 14
403 14
3608 34
7230 21
2765 26
6566 30
8072 36
840 17
9193 25
8342 15
8451 29
4854 21
5398 28
4984 28
7904 37
251 7
2743 15
4693 26
5375 15
7723 3
7728 30
836 39
1940 6
305 32
1078 27
2724 24
8687 10
8486 20
2154 39
5955 20
2496 9
2042 20
8838 11
3343 5
3791 32
7135 4
593 12
8872 38
7481 11
8966 12
8820 38
7821 23
4727 40
5108 20
9778 9
6816 11
3398 7
2122 15
7266 33
6334 9
8227 40
8831 25
4970 33
8977 5
3074 35
4272 4
7895 38
5203 3
1641 30
8081 40
1106 13
6654 18
7047 30
8472 32
5330 4
7659 22
9672 7
8930 18
8797 25
9310 18
4588 21
5755 16
4628 19
8319 28
1129 8
4691 12
7626 17
4941 25
1491 13
6769 38
8192 5
4979 25
882 23
512 15
4757 36
7469 5
6993 13
1186 18
3126 21
3234 9
1680 16
2938 21
9831 32
1007 10
1214 17
2548 6
6927 10
2534 13
3749 34
3514 35
1968 35
3558 31
6543 29
1774 13
4378 27
3694 36
6975 19
6138 32
4391 32
330 36
1606 10
3990 40
7627 40
2236 40
5545 19
6506 27
7582 31
4112 20
8104 12
8804 37
7949 24
9620 40
7791 28
2137 15
4554 28
265 29
1972 31
1922 5
4150 32
5684 4
2511 32
4689 28
5246 20
2206 5
47 26
4238 6
8387 7
7481 33
8078 22
8236 7
748 27
1822 39
3316 23
4853 6
1165 7
2500 24
6421 38
6342 11
2861 15
4059 22
8491 5
5657 6
2552 35
3679 24
6371 35
2441 23
3480 9
9099 7
9915 22
7636 29
7773 33
4804 7
1037 6
825 10
3956 5
324 37
603 36
4079 20
575 12
8115 11
3000 22
8399 21
186 34
4745 31
8548 21
4609 5
6935 40
7848 32
2476 29
6735 3
692 9
7280 4
1784 3
9447 36
7998 8
6243 4
5809 11
369 3
3709 25
6269 12
3061 27
6506 11
2460 28
5040 5
2265 27
9621 14
4182 15
9509 33
8632 20
3962 23
1190 10
4437 25
3651 26
986 16
5234 6
5685 33
7712 27
9373 34
5863 8
1677 32
8287 27
9831 40
9445 28
5446 29
2119 24
741 32
7539 7
8720 20
7948 8
9400 23
1431 7
3944 13
1668 30
5031 4
2034 39
7976 31
4085 16
7187 35
8203 28
8760 21
4258 26
1313 39
1284 39
9623 6
432 26
1967 38
3179 35
3684 19
5252 17
8350 36
4938 27
2404 28
8017 32
5789 39
1682 30
1408 31
1116 9
3013 29
9076 9
4342 30
931 8
243 20
2978 38
9694 4
5926 28
4510 3
745 13
9629 28
6708 5
5532 33
9947 29
5180 24
2070 23
1341 7
6903 39
5577 30
2120 38
5721 6
8116 35
6855 13
1709 20
9350 19
8224 6
4159 36
66 29
1730 20
436 7
1536 30
1037 12
4430 18
938 12
4215 25
3343 26
5703 26
7171 31
8630 14
333 14
7932 3
9924 37
4361 31
8912 11
5184 6
5906 21
8297 36
4626 12
8248 34
7648 6
2403 26
7336 37
3535 39
6019 19
7770 22
7329 8
6301 27
9064 13
1122 33
8073 35
8790 30
2896 4
7338 7
5359 7
1933 36
6146 24
5683 29
6243 22
2804 11
4627 17
8733 18
1126 38
1168 18
6287 4
8205 18
5714 21
4224 32
1283 23
7482 36
6363 34
6393 8
4579 26
3787 16
5831 30
7604 7
5827 11
6392 10
5855 16
7688 39
7278 32
5729 7
9198 18
6287 38
7772 34
3387 10
1074 26
683 19
8248 26
2144 27
2572 4
1763 26
858 11
7396 8
7992 30
3028 9
567 9
1012 15
7712 37
7224 12
4318 18
7423 24
3555 37
7587 25
4650 9
2207 17
5267 14
3794 11
509 29
1564 8
3399 25
1875 9
7643 33
1017 22
2704 30
4123 22
7703 3
9486 30
3838 36
5975 38
7364 13
5395 5
7256 14
9270 36
1694 17
2984 30
5087 40
9894 34
3985 13
3136 11
2898 11
9780 28
5666 19
3942 23
5935 4
5793 21
3930 16
3682 34
9623 30
2187 25
7024 6
4577 23
1552 19
2802 16
6454 9
5446 8
222 33
4786 17
8007 36
1103 33
4009 25
5883 32
331 8
9902 27
2030 9
8867 3
9626 36
3438 9
7399 26
912 19
9410 7
9447 5
5285 20
5017 26
4982 38
8408 3
4521 31
8372 32
737 39
9468 27
3055 22
5705 11
6957 10
7699 14
4443 10
6145 33
9067 15
6164 32
9600 38
3478 34
4074 25
231 18
1902 34
6407 7
3060 16
3624 12
