100000
993
515 10
432 27
954 11
293 9
733 33
52 19
269 15
598 4
767 7
463 36
112 27
304 39
255 14
414 38
289 29
303 23
754 24
853 14
320 13
430 24
996 14
14 13
293 36
548 35
596 11
681 11
461 22
802 4
199 9
150 37
133 16
825 19
370 35
371 9
242 7
999 7
719 37
683 34
629 22
305 3
647 27
621 26
319 32
493 21
904 4
545 40
187 19
380 13
751 31
220 11
687 35
733 34
662 5
157 40
324 14
1 5
838 6
601 21
184 31
345 17
462 35
332 36
465 28
947 5
78 6
905 35
686 34
946 6
100 35
295 27
859 8
507 28
379 15
509 32
568 24
68 28
509 25
885 11
940 23
700 33
459 11
734 29
668 31
266 10
806 28
961 20
324 33
638 39
461 17
433 13
615 11
858 26
141 8
834 32
32 37
189 36
820 22
660 13
128 21
88 36
217 40
3 6
190 25
647 28
61 13
227 28
503 11
766 23
710 27
699 16
333 39
895 13
979 27
188 34
922 25
499 15
779 36
866 39
844 35
468 22
994 24
735 19
683 20
693 3
817 36
779 26
6 23
207 29
196 25
473 7
923 37
861 25
349 5
24 11
751 26
79 15
606 18
6 14
296 13
269 29
856 9
65 36
767 32
695 9
53 22
673 38
272 16
503 9
63 11
148 26
674 17
881 7
302 5
412 8
379 28
377 38
907 35
772 36
182 37
623 18
13 32
238 39
387 14
361 30
250 37
754 38
297 35
584 24
908 19
857 25
69 26
43 28
214 4
256 39
482 23
544 3
17 22
970 21
559 19
609 32
684 20
592 6
517 23
458 20
799 17
82 6
502 29
460 32
333 37
976 31
709 8
724 14
342 3
883 32
81 7
264 17
823 36
65 6
501 27
253 4
859 34
855 29
950 14
86 37
529 38
183 10
96 18
58 11
795 15
901 18
915 10
703 5
669 13
999 9
808 20
603 33
58 3
934 37
37 23
746 19
792 22
976 18
353 25
109 8
762 31
109 38
625 13
817 12
238 18
50 7
14 24
257 5
641 25
966 7
31 14
487 22
188 33
152 8
95 31
691 19
193 34
126 20
207 10
846 40
542 3
856 15
502 8
85 4
45 20
246 8
299 18
643 36
888 16
777 31
423 10
964 11
350 33
980 19
933 33
96 29
411 21
576 18
208 4
566 3
3 18
197 27
253 37
972 9
283 26
125 33
609 20
362 26
885 29
637 4
103 28
947 15
267 10
977 29
826 29
207 9
937 26
2 16
463 13
37 24
442 5
87 40
225 13
359 18
941 18
32 13
605 8
304 24
979 19
445 9
378 6
839 28
533 21
237 27
30 29
546 16
867 16
462 33
177 40
578 6
10 9
763 40
672 33
723 24
885 39
484 4
544 24
183 29
81 35
138 14
752 23
802 23
605 7
356 20
898 15
236 28
160 15
725 16
686 6
806 40
372 19
502 7
398 24
505 20
965 8
774 40
879 4
116 17
624 40
725 4
632 23
902 13
54 26
65 38
942 15
815 28
371 26
210 36
964 33
701 14
406 16
55 12
952 37
911 21
241 15
587 30
143 40
670 10
818 25
502 31
33 39
524 32
831 36
843 36
497 35
234 7
303 9
167 30
970 34
208 7
241 36
365 18
252 6
457 3
829 10
47 27
956 3
697 19
985 14
208 35
940 10
440 18
652 31
627 6
775 8
466 15
670 32
223 28
142 27
203 17
535 36
950 35
201 39
733 8
942 28
917 40
716 22
878 3
512 32
312 30
462 25
490 21
705 30
929 19
585 13
411 29
243 16
517 10
871 25
526 21
791 34
581 7
77 17
35 10
538 5
374 34
851 37
620 38
769 14
849 17
626 33
158 5
256 3
923 33
962 26
422 17
298 32
612 25
618 22
846 35
817 37
543 17
279 33
757 40
632 10
194 37
316 7
173 4
408 16
608 24
323 12
125 3
261 17
565 28
214 6
548 24
431 30
637 35
13 26
562 25
360 19
964 5
553 24
110 15
642 9
201 7
548 26
253 33
510 17
288 20
187 36
75 19
761 21
497 19
508 9
952 38
866 32
729 10
673 6
213 40
227 8
374 37
543 24
497 11
633 29
201 6
470 8
988 35
960 5
317 38
114 10
60 29
868 35
512 23
240 12
560 28
829 16
852 24
456 33
22 40
510 9
550 35
719 36
92 21
407 33
709 23
948 39
887 22
608 10
59 28
431 25
695 23
652 36
8 30
123 5
926 14
991 29
481 26
230 11
361 9
666 10
878 7
338 31
344 17
238 25
8 11
490 32
200 32
1 38
659 24
122 8
8 32
291 40
919 26
472 6
872 11
439 38
412 3
79 17
538 3
254 39
494 16
244 8
493 32
678 20
402 33
87 13
890 24
217 21
460 37
662 40
324 36
437 3
127 30
130 3
390 26
521 31
419 24
660 21
801 29
754 4
736 39
804 29
684 38
910 37
892 11
5 24
218 13
301 17
48 7
105 29
276 9
365 26
874 40
833 30
114 14
12 39
580 9
707 18
23 22
504 11
931 34
205 31
240 5
925 36
506 7
874 27
282 3
87 18
810 30
659 8
757 17
766 34
273 35
593 4
777 18
770 7
421 36
757 11
267 17
93 4
164 39
523 32
403 12
510 19
116 29
603 5
572 31
324 37
590 17
584 22
572 11
538 36
417 5
171 34
45 26
140 33
819 34
539 19
900 24
913 40
232 28
4 6
228 24
501 38
688 11
410 27
429 24
125 34
80 19
102 36
918 27
800 19
200 29
658 38
524 17
679 8
67 5
231 16
939 30
57 40
169 24
13 28
337 34
669 28
757 21
529 8
568 17
490 37
942 38
457 18
613 32
837 8
500 13
907 20
324 29
21 11
24 37
786 37
166 16
728 26
136 26
835 9
928 26
823 11
295 9
141 19
71 30
315 40
86 33
547 25
900 3
180 34
563 3
624 37
87 16
754 22
294 25
87 28
919 14
501 19
68 30
413 16
346 7
220 20
416 21
48 37
372 29
870 25
984 33
936 12
524 19
453 32
349 11
538 7
80 26
21 29
736 28
241 9
531 18
111 37
759 34
663 9
46 16
64 18
825 30
457 27
821 31
543 6
736 34
762 23
382 32
898 33
808 27
778 17
854 13
182 27
587 14
628 14
157 14
721 38
392 23
174 13
19 6
68 24
92 22
335 9
889 23
259 32
318 29
437 31
507 40
943 30
575 29
950 34
372 32
926 4
263 20
117 29
375 18
483 23
369 10
847 34
777 30
627 21
541 17
603 9
117 23
484 39
162 7
930 30
637 37
621 6
380 30
277 8
755 35
928 18
955 25
630 6
800 10
774 17
890 14
1 24
82 19
112 14
600 29
905 32
627 12
517 7
773 35
720 13
67 7
51 18
780 5
927 26
268 33
543 35
179 37
492 32
41 6
596 23
237 29
552 9
460 12
154 26
355 26
413 25
696 23
954 21
254 12
704 19
877 9
303 17
504 40
471 37
310 34
877 34
882 34
242 39
708 15
109 26
995 6
109 32
589 29
258 12
902 34
315 10
508 32
785 26
419 22
796 16
644 22
937 21
489 4
203 36
638 15
414 36
723 33
820 31
178 37
934 10
356 3
896 12
366 5
303 16
961 38
759 16
501 24
446 36
177 6
11 23
65 37
679 35
728 33
781 17
737 4
936 18
214 33
260 15
614 14
95 16
966 13
923 14
643 13
960 22
814 27
492 39
812 40
466 25
149 34
195 27
417 21
911 38
313 37
674 30
856 24
208 29
903 4
296 25
55 34
487 9
477 11
468 13
870 26
721 5
664 40
538 11
33 21
810 23
547 34
793 3
761 34
333 12
844 19
475 7
323 23
110 16
784 40
562 36
624 24
272 22
706 11
737 28
971 39
758 4
993 23
553 28
981 11
5 17
743 35
17 9
988 15
334 35
473 16
437 7
511 31
700 12
929 36
211 6
454 23
848 31
934 19
56 15
44 36
897 22
560 25
654 34
141 25
154 27
389 6
915 7
44 28
26 10
455 29
208 26
17 31
175 13
403 26
965 22
692 32
850 31
346 8
223 23
176 11
469 20
992 19
574 7
318 5
239 11
411 38
27 31
695 10
74 27
875 32
953 25
222 31
640 35
357 33
870 27
538 24
548 9
922 38
211 14
503 3
536 24
14 3
581 20
199 20
322 39
446 34
833 35
340 18
921 29
175 38
831 6
84 16
660 12
166 25
385 29
430 18
463 23
142 40
457 38
364 3
489 14
872 34
693 14
80 15
396 35
953 12
45 34
955 15
422 22
831 40
212 33
739 21
161 8
796 25
642 39
890 25
228 16
859 21
531 19
672 25
529 22
811 23
260 39
4 8
402 10
458 11
965 10
638 22
212 12
922 21
312 25
367 27
704 33
926 13
803 14
437 40
804 15
584 27
35 16
311 18
383 33
447 34
508 13
901 33
648 29
