1745
197
60 14
57 37
17 19
17 25
1 17
13 8
96 38
77 13
25 4
29 8
82 31
43 7
53 30
7 23
86 39
95 28
96 9
81 36
5 3
42 10
35 37
75 29
17 15
21 30
6 34
1 33
62 4
49 38
98 26
22 30
31 6
18 25
71 39
70 7
23 26
19 29
93 31
48 19
47 37
47 40
51 30
63 19
10 21
9 33
37 7
33 12
78 17
49 29
15 21
21 9
10 13
38 13
94 40
32 30
7 5
29 24
33 37
51 12
52 22
45 29
56 35
89 37
84 31
79 37
98 34
23 23
73 19
26 11
38 24
55 5
96 26
6 40
28 3
21 19
20 12
55 37
47 28
49 19
71 27
95 31
83 26
15 40
84 7
42 4
27 8
66 18
26 39
100 25
64 11
68 14
52 16
25 25
53 34
9 29
9 17
32 16
28 23
99 34
85 3
61 17
45 16
33 3
90 8
100 34
2 27
95 35
9 19
42 6
22 34
99 14
77 19
69 15
50 20
71 28
14 39
47 26
67 16
55 40
42 9
17 26
81 40
91 24
24 36
89 29
28 37
21 11
18 4
55 18
42 27
95 23
49 8
14 38
40 26
98 8
65 38
77 11
42 20
9 24
22 35
77 21
8 3
61 22
35 11
34 27
56 21
38 22
42 36
53 7
62 33
22 23
19 36
79 14
52 33
90 6
67 29
99 16
75 6
19 13
29 7
28 12
57 8
1 4
91 3
95 17
46 27
80 34
86 23
9 7
55 35
67 7
9 35
63 31
73 31
27 12
35 13
20 19
52 7
27 18
56 37
31 32
19 21
5 35
100 40
21 20
52 13
69 4
40 40
42 32
38 26
16 34
93 4
82 39
9 10
57 32
16 40
40 17
53 19
