4345
99
2 14
93 7
93 24
23 32
29 6
40 14
38 15
89 10
31 11
71 15
43 26
77 4
82 8
56 18
93 21
7 38
60 40
40 39
45 37
98 9
26 23
22 13
64 27
2 40
63 7
16 39
7 9
15 16
18 24
59 26
45 18
16 6
39 34
46 31
31 10
58 39
86 16
35 23
99 32
90 13
9 8
62 10
23 3
27 25
50 21
76 23
29 24
92 40
13 15
77 18
91 26
89 26
78 13
18 27
93 29
98 7
10 30
18 9
3 12
49 9
9 11
40 3
32 26
70 22
65 16
28 14
39 40
57 19
73 33
32 29
64 28
80 31
76 29
25 8
7 25
87 12
63 15
73 30
30 6
12 18
4 17
6 35
78 28
71 26
45 15
53 36
38 22
42 15
83 31
83 13
85 13
91 27
47 34
49 38
8 22
25 38
33 25
38 27
83 7
