160
100
271 36
222 9
285 37
214 9
265 12
283 27
289 5
235 17
200 31
289 28
275 14
283 15
218 11
213 15
293 24
205 20
225 7
279 13
256 36
249 9
223 4
279 20
211 11
283 40
209 37
300 12
234 14
297 19
250 34
245 30
284 34
298 16
288 5
205 27
210 25
267 22
278 35
200 22
203 39
217 12
201 27
205 36
289 26
233 19
238 34
202 7
280 6
212 22
260 35
229 22
298 29
232 24
276 28
280 29
254 33
244 34
235 3
269 30
257 20
291 31
284 28
244 25
256 10
205 30
298 38
254 36
245 21
268 8
215 30
288 22
207 22
204 31
295 3
294 10
225 27
263 16
245 6
227 28
251 14
221 32
299 8
287 3
241 10
282 5
224 32
240 6
245 5
213 5
217 18
227 32
217 19
291 38
256 19
240 21
236 10
241 30
219 13
200 17
291 37
274 28
